1665387139471 1.2398511412512347 0
1665387220860 0.2621524411900695 1
1665387301481 0.12939803927658072 2
1665387383914 0.07994714136421681 3
1665387468225 0.057412072502076625 4
1665387552829 0.04743537065165349 5
1665387643024 0.037190182412403724 6
1665387731070 0.03915415399317299 7
1665387814124 0.03434406110506144 8
1665387895714 0.031944564190663154 9
1665387980753 0.026880162595320615 10
1665388061944 0.026374431311964028 11
1665388144647 0.02273131681075058 12
1665388232952 0.020891024383256233 13
1665388318096 0.019217779770134443 14
1665388403873 0.020677474652787287 15
1665388489160 0.019607504919530398 16
1665388569649 0.020491435903173136 17
1665388653407 0.019680730138258284 18
1665388740148 0.019410233428499783 19
1665388826008 0.0181520979385823 20
1665388905504 0.0181725368789968 21
1665388988522 0.018081862171511014 22
1665389071442 0.01921954585404526 23
1665389121893 0.01741859328842932 24
1665389185591 0.017926634676754476 25
1665389269333 0.017349589608579755 26
1665389354087 0.01775193673719364 27
1665389438561 0.016115728810609103 28
1665389522306 0.01662079502181356 29
1665389607151 0.016501152962745434 30
1665389686676 0.015728741218466836 31
1665389771202 0.01570064093109714 32
1665389854239 0.015256311939728836 33
1665389939194 0.015592338975458857 34
1665390019891 0.013329587248434504 35
1665390106781 0.013732649902083787 36
1665390190939 0.015073595059863535 37
1665390273453 0.014670070301741361 38
1665390357958 0.01673338849533109 39
1665390437159 0.009253450282548944 40
1665390519965 0.005351084882924595 41
1665390602901 0.004289311932841219 42
1665390682807 0.003658644267802976 43
1665390768475 0.002606581193376258 44
1665390849799 0.002906448595612927 45
1665390930090 0.002742398010349896 46
1665391014016 0.0024676712222367406 47
1665391094644 0.002398743943852042 48
1665391174002 0.0025301923907478812 49
1665391257017 0.002562260707681961 50
1665391339974 0.0027428950040390893 51
1665391421665 0.0015942074403346303 52
1665391508377 0.002461530537490385 53
1665391592528 0.001800968300506293 54
1665391673663 0.0016856076323004611 55
1665391754515 0.0012876574683141518 56
1665391835656 0.0021514481861129343 57
1665391922247 0.001550255448045022 58
1665392005649 0.0015255727367587835 59
1665392090404 0.0014348768266329325 60
1665392171761 0.0011463041603565216 61
1665392257220 0.001763490473769276 62
1665392345051 0.001554260572725271 63
1665392424944 0.0013180788674001251 64
1665392504864 0.001491603092290461 65
1665392586230 0.001094416076798112 66
1665392670953 0.0013939500223064134 67
1665392751223 0.0010098552992266992 68
1665392832375 0.0015831849718045805 69
1665392912539 0.0011588543570870834 70
1665392993019 0.001267534048562069 71
1665393072806 0.0010553471384996392 72
1665393154433 0.0008582983520409839 73
1665393235882 0.0009640895343019895 74
1665393316955 0.001052892278699625 75
1665393397777 0.0013143711846815534 76
1665393477907 0.0009874930328513723 77
1665393557970 0.0007822190497414654 78
1665393637830 0.0011637240400417677 79
1665393717491 0.0007108701205241584 80
1665393798314 0.0009279943093837749 81
1665393880895 0.0008797685262717066 82
1665393966132 0.0008922580659509184 83
1665394052515 0.0008112415222518416 84
1665394135329 0.0011698974962215346 85
1665394219601 0.0005605851924682716 86
1665394302448 0.00081094566360116 87
1665394388862 0.0008690376283533601 88
1665394477003 0.0006802007367434772 89
1665394559560 0.0007896313654930003 90
1665394639258 0.0008882021065801382 91
1665394718777 0.0009060585946445503 92
1665394797909 0.0006948920537627512 93
1665394877673 0.0006811945254065426 94
1665394957795 0.0006075924277365448 95
1665395037342 0.0009287417413719207 96
1665395117363 0.0009176861120754456 97
1665395196707 0.0005980487314453086 98
1665395276429 0.0007357465013140632 99
1665395355761 0.0005354201008054999 100
1665395435648 0.0007005932415465275 101
1665395515173 0.0007393644120912218 102
1665395594626 0.0007919830668176855 103
1665395673905 0.000683633366509551 104
1665395754224 0.0006605008020997048 105
1665395833599 0.00044850146689687866 106
1665395913170 0.0008354847465293953 107
1665395993206 0.00044285725936832196 108
1665396073008 0.0008147101565058451 109
1665396152892 0.0005840591695760527 110
1665396232630 0.000559367126359148 111
1665396311804 0.0008252172387744251 112
1665396391854 0.0008771730975872541 113
1665396471590 0.0007514360721313185 114
1665396551321 0.0007610608553213458 115
1665396632192 0.0009110105372965336 116
1665396713267 0.0005231813628630465 117
1665396794415 0.0006405298025852226 118
1665396937713 0.0005687957883898513 119
