1665387139471 7.858594083403009 0
1665387220860 3.5386714676776565 1
1665387301481 3.5257168706641138 2
1665387383914 3.8524694719314576 3
1665387468225 4.149917951583863 4
1665387552829 4.321210050199884 5
1665387643024 4.420288472406326 6
1665387731070 4.443609166529871 7
1665387814124 4.444381430264442 8
1665387895714 4.447599237964999 9
1665387980753 4.528601386854725 10
1665388061944 4.50652115960275 11
1665388144647 4.54085521238396 12
1665388232952 4.438651405663854 13
1665388318096 4.4425797251812424 14
1665388403873 4.357929673060835 15
1665388489160 4.325253398542902 16
1665388569649 4.2353240553155 17
1665388653407 4.196993189164433 18
1665388740148 4.124375809627365 19
1665388826008 4.099985403399313 20
1665388905504 4.0104471195128655 21
1665388988522 3.9763012288078183 22
1665389071442 3.8987382852262065 23
1665389121893 3.8658239331937607 24
1665389185591 3.8043995532989503 25
1665389269333 3.7526161067457084 26
1665389354087 3.7419314336585234 27
1665389438561 3.6962820641008247 28
1665389522306 3.679950051518329 29
1665389607151 3.635194136914479 30
1665389686676 3.6234613719235464 31
1665389771202 3.58312432832986 32
1665389854239 3.5565404584330897 33
1665389939194 3.5149937916186547 34
1665390019891 3.529640739701359 35
1665390106781 3.508013987636949 36
1665390190939 3.447730604424534 37
1665390273453 3.4438620080947877 38
1665390357958 3.4028440819632624 39
1665390437159 3.517385178996671 40
1665390519965 3.5999171197653776 41
1665390602901 3.6332767038460236 42
1665390682807 3.6736525972205474 43
1665390768475 3.702401796019221 44
1665390849799 3.7212723287712617 45
1665390930090 3.734881875026657 46
1665391014016 3.7354751887570425 47
1665391094644 3.762182955780337 48
1665391174002 3.7635102938061302 49
1665391257017 3.7652460804835024 50
1665391339974 3.760145211412061 51
1665391421665 3.761904548928441 52
1665391508377 3.754244395527974 53
1665391592528 3.7423107174026917 54
1665391673663 3.756473142937963 55
1665391754515 3.744508462737363 56
1665391835656 3.7237464069841377 57
1665391922247 3.732265481987153 58
1665392005649 3.7263513233766976 59
1665392090404 3.715490717485727 60
1665392171761 3.7068619451522826 61
1665392257220 3.7006077067440293 62
1665392345051 3.6709198444243896 63
1665392424944 3.6767798604503756 64
1665392504864 3.669493046499068 65
1665392586230 3.664228625835911 66
1665392670953 3.646241686997875 67
1665392751223 3.64170582159873 68
1665392832375 3.6294349912674195 69
1665392912539 3.6424081277462745 70
1665392993019 3.6498998609412627 71
1665393072806 3.6478324577990304 72
1665393154433 3.6460403073654484 73
1665393235882 3.64624639850879 74
1665393316955 3.6444750005199062 75
1665393397777 3.6590824213372657 76
1665393477907 3.641097245924923 77
1665393557970 3.658511901955049 78
1665393637830 3.6596582522315364 79
1665393717491 3.6589277953870836 80
1665393798314 3.655171130934069 81
1665393880895 3.64535631383619 82
1665393966132 3.656768416783896 83
1665394052515 3.653032531699981 84
1665394135329 3.6498584613263847 85
1665394219601 3.6582285888702515 86
1665394302448 3.6543145351409914 87
1665394388862 3.6586650298781183 88
1665394477003 3.652862177204024 89
1665394559560 3.647027053331074 90
1665394639258 3.6418227668731444 91
1665394718777 3.648663866904474 92
1665394797909 3.6535686427547085 93
1665394877673 3.656243668023841 94
1665394957795 3.65457687224729 95
1665395037342 3.633578494849454 96
1665395117363 3.6504245924662393 97
1665395196707 3.642778973024054 98
1665395276429 3.640165436652399 99
1665395355761 3.6406647582207956 100
1665395435648 3.634202997368502 101
1665395515173 3.638432330662204 102
1665395594626 3.648745028241988 103
1665395673905 3.6396336142093904 104
1665395754224 3.6310285415649415 105
1665395833599 3.642064094543457 106
1665395913170 3.6353392112685974 107
1665395993206 3.6425101517673477 108
1665396073008 3.625507328883711 109
1665396152892 3.6187503164814365 110
1665396232630 3.6246827662232435 111
1665396311804 3.6315486006408566 112
1665396391854 3.6360940578950935 113
1665396471590 3.6108798278916265 114
1665396551321 3.6254653161571873 115
1665396632192 3.6237581844329836 116
1665396713267 3.6212979100315446 117
1665396794415 3.60956491045205 118
1665396937713 3.615719161359182 119
