1665387139471 10.0608549118042 0
1665387220860 6.361073970794678 1
1665387301481 4.318760395050049 2
1665387383914 2.9649860858917236 3
1665387468225 2.2906758785247803 4
1665387552829 1.9948455095291138 5
1665387643024 1.8373968601226807 6
1665387731070 1.8070567846298218 7
1665387814124 1.7506524324417114 8
1665387895714 1.7197731733322144 9
1665387980753 1.6584423780441284 10
1665388061944 1.6332526206970215 11
1665388144647 1.56776762008667 12
1665388232952 1.567352056503296 13
1665388318096 1.527121663093567 14
1665388403873 1.528355598449707 15
1665388489160 1.5038763284683228 16
1665388569649 1.5189802646636963 17
1665388653407 1.5037420988082886 18
1665388740148 1.4903302192687988 19
1665388826008 1.4775320291519165 20
1665388905504 1.477541208267212 21
1665388988522 1.4666632413864136 22
1665389071442 1.4809848070144653 23
1665389121893 1.4589462280273438 24
1665389185591 1.4475690126419067 25
1665389269333 1.443846583366394 26
1665389354087 1.453612208366394 27
1665389438561 1.422426700592041 28
1665389522306 1.4221067428588867 29
1665389607151 1.4103888273239136 30
1665389686676 1.4131948947906494 31
1665389771202 1.4082552194595337 32
1665389854239 1.4003530740737915 33
1665389939194 1.3991878032684326 34
1665390019891 1.3741769790649414 35
1665390106781 1.3760697841644287 36
1665390190939 1.3957356214523315 37
1665390273453 1.3808722496032715 38
1665390357958 1.3831279277801514 39
1665390437159 1.2839545011520386 40
1665390519965 1.201823353767395 41
1665390602901 1.1812942028045654 42
1665390682807 1.1673598289489746 43
1665390768475 1.1490504741668701 44
1665390849799 1.1465487480163574 45
1665390930090 1.1405607461929321 46
1665391014016 1.136265754699707 47
1665391094644 1.1287095546722412 48
1665391174002 1.1271404027938843 49
1665391257017 1.1299717426300049 50
1665391339974 1.1270116567611694 51
1665391421665 1.1193945407867432 52
1665391508377 1.122011423110962 53
1665391592528 1.116917610168457 54
1665391673663 1.1113587617874146 55
1665391754515 1.1084197759628296 56
1665391835656 1.1120378971099854 57
1665391922247 1.107045292854309 58
1665392005649 1.1054118871688843 59
1665392090404 1.1029638051986694 60
1665392171761 1.0985020399093628 61
1665392257220 1.1029210090637207 62
1665392345051 1.099891185760498 63
1665392424944 1.097842812538147 64
1665392504864 1.0981590747833252 65
1665392586230 1.0938835144042969 66
1665392670953 1.0964100360870361 67
1665392751223 1.0963389873504639 68
1665392832375 1.096472144126892 69
1665392912539 1.0921210050582886 70
1665392993019 1.0870367288589478 71
1665393072806 1.0848240852355957 72
1665393154433 1.0792723894119263 73
1665393235882 1.0822449922561646 74
1665393316955 1.0836119651794434 75
1665393397777 1.0794410705566406 76
1665393477907 1.078216314315796 77
1665393557970 1.0759085416793823 78
1665393637830 1.0776909589767456 79
1665393717491 1.0749993324279785 80
1665393798314 1.076208233833313 81
1665393880895 1.077089786529541 82
1665393966132 1.0753706693649292 83
1665394052515 1.0750032663345337 84
1665394135329 1.0741221904754639 85
1665394219601 1.0734630823135376 86
1665394302448 1.0731743574142456 87
1665394388862 1.0738327503204346 88
1665394477003 1.0715466737747192 89
1665394559560 1.0720422267913818 90
1665394639258 1.07369863986969 91
1665394718777 1.0702730417251587 92
1665394797909 1.0723193883895874 93
1665394877673 1.0712039470672607 94
1665394957795 1.0703999996185303 95
1665395037342 1.0716848373413086 96
1665395117363 1.073647141456604 97
1665395196707 1.0682309865951538 98
1665395276429 1.0711820125579834 99
1665395355761 1.0694559812545776 100
1665395435648 1.0707252025604248 101
1665395515173 1.0714558362960815 102
1665395594626 1.069647192955017 103
1665395673905 1.0680065155029297 104
1665395754224 1.0704853534698486 105
1665395833599 1.0684919357299805 106
1665395913170 1.070723533630371 107
1665395993206 1.06486976146698 108
1665396073008 1.0677045583724976 109
1665396152892 1.0688353776931763 110
1665396232630 1.0672916173934937 111
1665396311804 1.0669655799865723 112
1665396391854 1.0677673816680908 113
1665396471590 1.0689258575439453 114
1665396551321 1.0655670166015625 115
1665396632192 1.0670371055603027 116
1665396713267 1.0659244060516357 117
1665396794415 1.0654919147491455 118
1665396937713 1.0672667026519775 119
