1665387139471 8.38906679287493 0
1665387220860 2.9519745489679665 1
1665387301481 2.586673063446719 2
1665387383914 2.661798185348511 3
1665387468225 2.802488716125488 4
1665387552829 2.8851488766421274 5
1665387643024 2.923361925348159 6
1665387731070 2.9496304748519773 7
1665387814124 2.9201783268682417 8
1665387895714 2.900961293328193 9
1665387980753 2.9174491138227525 10
1665388061944 2.908987393302302 11
1665388144647 2.8708708832062872 12
1665388232952 2.806923256341712 13
1665388318096 2.7764514612864297 14
1665388403873 2.7409974044585326 15
1665388489160 2.6925101596188834 16
1665388569649 2.650892591859442 17
1665388653407 2.604662635718962 18
1665388740148 2.5439966921825485 19
1665388826008 2.5232863426208496 20
1665388905504 2.4596966774232927 21
1665388988522 2.4279120852870326 22
1665389071442 2.374965020725804 23
1665389121893 2.341713316978947 24
1665389185591 2.3002782793045045 25
1665389269333 2.264787621287457 26
1665389354087 2.2495908646219704 27
1665389438561 2.201160015351322 28
1665389522306 2.1887056789244994 29
1665389607151 2.144848104940361 30
1665389686676 2.145929960361925 31
1665389771202 2.110318796222947 32
1665389854239 2.086379466518279 33
1665389939194 2.0649969577789307 34
1665390019891 2.0460405143868012 35
1665390106781 2.0310316478392205 36
1665390190939 2.0111254477596665 37
1665390273453 1.9950357542037964 38
1665390357958 1.9729400003148663 39
1665390437159 1.930018062553098 40
1665390519965 1.9023317792808196 41
1665390602901 1.903654356079408 42
1665390682807 1.902064303317702 43
1665390768475 1.8954466069079785 44
1665390849799 1.89192822707226 45
1665390930090 1.887342950426431 46
1665391014016 1.8816703715956355 47
1665391094644 1.8766613222898976 48
1665391174002 1.8764299492121708 49
1665391257017 1.8742605481553174 50
1665391339974 1.864262397731504 51
1665391421665 1.8539713640289612 52
1665391508377 1.8610659665371998 53
1665391592528 1.848974263811686 54
1665391673663 1.8395705160845714 55
1665391754515 1.8267956483794983 56
1665391835656 1.8183434742042817 57
1665391922247 1.8121573843630443 58
1665392005649 1.805438659277307 59
1665392090404 1.7925759515609128 60
1665392171761 1.7875861163139344 61
1665392257220 1.78253717786337 62
1665392345051 1.7667074299241645 63
1665392424944 1.7589071902536577 64
1665392504864 1.7585089735446437 65
1665392586230 1.7494655645662738 66
1665392670953 1.7461323339131571 67
1665392751223 1.7365749387010452 68
1665392832375 1.7356877711511427 69
1665392912539 1.7186634305023378 70
1665392993019 1.71436378276013 71
1665393072806 1.7146195857879147 72
1665393154433 1.7133842436408224 73
1665393235882 1.7133698072510692 74
1665393316955 1.7082996767374776 75
1665393397777 1.704026991583736 76
1665393477907 1.7005431039266319 77
1665393557970 1.6949597386471238 78
1665393637830 1.6938415780182807 79
1665393717491 1.6896076538870413 80
1665393798314 1.6896505644244533 81
1665393880895 1.6924678476587418 82
1665393966132 1.6896876795703628 83
1665394052515 1.6884609422530514 84
1665394135329 1.688674486784571 85
1665394219601 1.6854257210191474 86
1665394302448 1.6849314522743226 87
1665394388862 1.6841550658505604 88
1665394477003 1.680948627622504 89
1665394559560 1.6766144061378139 90
1665394639258 1.6793863417640809 91
1665394718777 1.6724397256489723 92
1665394797909 1.678063339764072 93
1665394877673 1.6745145766131848 94
1665394957795 1.6706732899309642 95
1665395037342 1.670230326882328 96
1665395117363 1.6759458287173965 97
1665395196707 1.6667959714031602 98
1665395276429 1.6682195658645322 99
1665395355761 1.6670969421825101 100
1665395435648 1.6660160735907803 101
1665395515173 1.6665305336636882 102
1665395594626 1.657628432877602 103
1665395673905 1.65822184278119 104
1665395754224 1.660292678833008 105
1665395833599 1.6554386242326484 106
1665395913170 1.660176356154752 107
1665395993206 1.6496903364916882 108
1665396073008 1.6528524821063122 109
1665396152892 1.6523095196293247 110
1665396232630 1.6474480479352387 111
1665396311804 1.6452011555312616 112
1665396391854 1.6460658129918049 113
1665396471590 1.6413239971283944 114
1665396551321 1.6414596885442734 115
1665396632192 1.6371767673492432 116
1665396713267 1.6371109246250137 117
1665396794415 1.6409862678213771 118
1665396937713 1.6438666821483627 119
