1665387139471 19.141744877918658 0
1665387220860 11.574770601877725 1
1665387301481 11.176622141795944 2
1665387383914 11.547564823150635 3
1665387468225 11.840745418548584 4
1665387552829 12.01524263404938 5
1665387643024 12.050251556980994 6
1665387731070 12.128645585429284 7
1665387814124 12.041841210857514 8
1665387895714 11.816457344639685 9
1665387980753 11.796271693321966 10
1665388061944 11.646019393397916 11
1665388144647 11.364623468084986 12
1665388232952 11.117467217656024 13
1665388318096 10.998079878259375 14
1665388403873 10.775309578003174 15
1665388489160 10.602979679184266 16
1665388569649 10.334821735519961 17
1665388653407 10.108611983946528 18
1665388740148 9.902840464948172 19
1665388826008 9.692820625920449 20
1665388905504 9.445363498503163 21
1665388988522 9.310992267823988 22
1665389071442 9.122511990608707 23
1665389121893 8.964617452313822 24
1665389185591 8.749851280212402 25
1665389269333 8.605194137757083 26
1665389354087 8.446238211359844 27
1665389438561 8.323986241137646 28
1665389522306 8.225837891360364 29
1665389607151 8.09184547791998 30
1665389686676 8.042087407475973 31
1665389771202 7.905038726377679 32
1665389854239 7.806032803750807 33
1665389939194 7.700547910505725 34
1665390019891 7.650897981651337 35
1665390106781 7.603646787773653 36
1665390190939 7.5249342228992875 37
1665390273453 7.507354089736938 38
1665390357958 7.446760167998653 39
1665390437159 7.4518384260516015 40
1665390519965 7.460480862353221 41
1665390602901 7.45647479061142 42
1665390682807 7.456099297626909 43
1665390768475 7.450271864971483 44
1665390849799 7.426438400544316 45
1665390930090 7.415519869471171 46
1665391014016 7.395469341890879 47
1665391094644 7.383733439830042 48
1665391174002 7.369480986344187 49
1665391257017 7.3566858295487005 50
1665391339974 7.328664097093767 51
1665391421665 7.318928860277536 52
1665391508377 7.312335531395602 53
1665391592528 7.2923607290030485 54
1665391673663 7.261531345336792 55
1665391754515 7.223106472367743 56
1665391835656 7.2118083176363905 57
1665391922247 7.194730025218672 58
1665392005649 7.164062534470156 59
1665392090404 7.144281580744977 60
1665392171761 7.118790916442871 61
1665392257220 7.105982529590407 62
1665392345051 7.065154927801416 63
1665392424944 7.040372373596314 64
1665392504864 7.0229602456092834 65
1665392586230 7.007068962820115 66
1665392670953 6.982971970112093 67
1665392751223 6.961191217745504 68
1665392832375 6.934886153667204 69
1665392912539 6.912392320171479 70
1665392993019 6.916627280683403 71
1665393072806 6.914563994809805 72
1665393154433 6.9179683349393155 73
1665393235882 6.914926534722208 74
1665393316955 6.911505008897474 75
1665393397777 6.907890457704843 76
1665393477907 6.899658758477513 77
1665393557970 6.900841764656894 78
1665393637830 6.895340954103777 79
1665393717491 6.897581219673157 80
1665393798314 6.8953614600243105 81
1665393880895 6.890731984569181 82
1665393966132 6.888708936162741 83
1665394052515 6.8836772087587415 84
1665394135329 6.87789429047979 85
1665394219601 6.870429226672314 86
1665394302448 6.869249412536621 87
1665394388862 6.868307743685312 88
1665394477003 6.865985603950285 89
1665394559560 6.863095519031107 90
1665394639258 6.857148280066829 91
1665394718777 6.853928646733684 92
1665394797909 6.8470796654301305 93
1665394877673 6.84700564495531 94
1665394957795 6.840377395890324 95
1665395037342 6.833938409046954 96
1665395117363 6.830698051605838 97
1665395196707 6.826651684251655 98
1665395276429 6.823411316640915 99
1665395355761 6.82553760467037 100
1665395435648 6.8226146755448305 101
1665395515173 6.8183170557022095 102
1665395594626 6.813290686376633 103
1665395673905 6.804024957841443 104
1665395754224 6.801014318466186 105
1665395833599 6.801357319077335 106
1665395913170 6.795053051178714 107
1665395993206 6.791848770585884 108
1665396073008 6.781835511985074 109
1665396152892 6.778572322860841 110
1665396232630 6.780389393872095 111
1665396311804 6.780319669468683 112
1665396391854 6.772925798193997 113
1665396471590 6.765193000916512 114
1665396551321 6.761113372541243 115
1665396632192 6.755733041763306 116
1665396713267 6.75000136540118 117
1665396794415 6.749457698270499 118
1665396937713 6.743149502689101 119
