1665387139471 0.00035 0
1665387220860 3.5000000000000004e-05 1
1665387301481 7.000000000000001e-05 2
1665387383914 0.00010499999999999999 3
1665387468225 0.00014000000000000001 4
1665387552829 0.000175 5
1665387643024 0.00020999999999999998 6
1665387731070 0.000245 7
1665387814124 0.00028000000000000003 8
1665387895714 0.000315 9
1665387980753 0.00035 10
1665388061944 0.00035 11
1665388144647 0.00035 12
1665388232952 0.00035 13
1665388318096 0.00035 14
1665388403873 0.00035 15
1665388489160 0.00035 16
1665388569649 0.00035 17
1665388653407 0.00035 18
1665388740148 0.00035 19
1665388826008 0.00035 20
1665388905504 0.00035 21
1665388988522 0.00035 22
1665389071442 0.00035 23
1665389121893 0.00035 24
1665389185591 0.00035 25
1665389269333 0.00035 26
1665389354087 0.00035 27
1665389438561 0.00035 28
1665389522306 0.00035 29
1665389607151 0.00035 30
1665389686676 0.00035 31
1665389771202 0.00035 32
1665389854239 0.00035 33
1665389939194 0.00035 34
1665390019891 0.00035 35
1665390106781 0.00035 36
1665390190939 0.00035 37
1665390273453 0.00035 38
1665390357958 0.00035 39
1665390437159 3.5000000000000004e-05 40
1665390519965 3.5000000000000004e-05 41
1665390602901 3.5000000000000004e-05 42
1665390682807 3.5000000000000004e-05 43
1665390768475 3.5000000000000004e-05 44
1665390849799 3.5000000000000004e-05 45
1665390930090 3.5000000000000004e-05 46
1665391014016 3.5000000000000004e-05 47
1665391094644 3.5000000000000004e-05 48
1665391174002 3.5000000000000004e-05 49
1665391257017 3.5000000000000004e-05 50
1665391339974 3.5000000000000004e-05 51
1665391421665 3.5000000000000004e-05 52
1665391508377 3.5000000000000004e-05 53
1665391592528 3.5000000000000004e-05 54
1665391673663 3.5000000000000004e-05 55
1665391754515 3.5000000000000004e-05 56
1665391835656 3.5000000000000004e-05 57
1665391922247 3.5000000000000004e-05 58
1665392005649 3.5000000000000004e-05 59
1665392090404 3.5000000000000004e-05 60
1665392171761 3.5000000000000004e-05 61
1665392257220 3.5000000000000004e-05 62
1665392345051 3.5000000000000004e-05 63
1665392424944 3.5000000000000004e-05 64
1665392504864 3.5000000000000004e-05 65
1665392586230 3.5000000000000004e-05 66
1665392670953 3.5000000000000004e-05 67
1665392751223 3.5000000000000004e-05 68
1665392832375 3.5000000000000004e-05 69
1665392912539 3.5000000000000004e-06 70
1665392993019 3.5000000000000004e-06 71
1665393072806 3.5000000000000004e-06 72
1665393154433 3.5000000000000004e-06 73
1665393235882 3.5000000000000004e-06 74
1665393316955 3.5000000000000004e-06 75
1665393397777 3.5000000000000004e-06 76
1665393477907 3.5000000000000004e-06 77
1665393557970 3.5000000000000004e-06 78
1665393637830 3.5000000000000004e-06 79
1665393717491 3.5000000000000004e-06 80
1665393798314 3.5000000000000004e-06 81
1665393880895 3.5000000000000004e-06 82
1665393966132 3.5000000000000004e-06 83
1665394052515 3.5000000000000004e-06 84
1665394135329 3.5000000000000004e-06 85
1665394219601 3.5000000000000004e-06 86
1665394302448 3.5000000000000004e-06 87
1665394388862 3.5000000000000004e-06 88
1665394477003 3.5000000000000004e-06 89
1665394559560 3.5000000000000004e-06 90
1665394639258 3.5000000000000004e-06 91
1665394718777 3.5000000000000004e-06 92
1665394797909 3.5000000000000004e-06 93
1665394877673 3.5000000000000004e-06 94
1665394957795 3.5000000000000004e-06 95
1665395037342 3.5000000000000004e-06 96
1665395117363 3.5000000000000004e-06 97
1665395196707 3.5000000000000004e-06 98
1665395276429 3.5000000000000004e-06 99
1665395355761 3.5000000000000004e-06 100
1665395435648 3.5000000000000004e-06 101
1665395515173 3.5000000000000004e-06 102
1665395594626 3.5000000000000004e-06 103
1665395673905 3.5000000000000004e-06 104
1665395754224 3.5000000000000004e-06 105
1665395833599 3.5000000000000004e-06 106
1665395913170 3.5000000000000004e-06 107
1665395993206 3.5000000000000004e-06 108
1665396073008 3.5000000000000004e-06 109
1665396152892 3.5000000000000004e-06 110
1665396232630 3.5000000000000004e-06 111
1665396311804 3.5000000000000004e-06 112
1665396391854 3.5000000000000004e-06 113
1665396471590 3.5000000000000004e-06 114
1665396551321 3.5000000000000004e-06 115
1665396632192 3.5000000000000004e-06 116
1665396713267 3.5000000000000004e-06 117
1665396794415 3.5000000000000004e-06 118
1665396937713 3.5000000000000004e-06 119
