1665387139471 1.604842856945283 0
1665387220860 0.6178506217208732 1
1665387301481 0.4252833398470438 2
1665387383914 0.31338760602474214 3
1665387468225 0.25047415266931056 4
1665387552829 0.21867434346831469 5
1665387643024 0.18816754974484926 6
1665387731070 0.19334613453717 7
1665387814124 0.17605151685195103 8
1665387895714 0.16684017345429428 9
1665387980753 0.1493008453849583 10
1665388061944 0.15139662062809353 11
1665388144647 0.13397931847646533 12
1665388232952 0.12862196816019264 13
1665388318096 0.12119934652524302 14
1665388403873 0.12738466158090347 15
1665388489160 0.12161984756948 16
1665388569649 0.126019279102245 17
1665388653407 0.12162937404939449 18
1665388740148 0.12146529393741884 19
1665388826008 0.11772101115615617 20
1665388905504 0.11648540745579428 21
1665388988522 0.11368560855607351 22
1665389071442 0.11988013143080377 23
1665389121893 0.11502868408757833 24
1665389185591 0.11355815134942532 25
1665389269333 0.11457922679173899 26
1665389354087 0.11797591051962002 27
1665389438561 0.10865067199889915 28
1665389522306 0.10850678460605173 29
1665389607151 0.10628711423241949 30
1665389686676 0.1112498035542218 31
1665389771202 0.1065413945590157 32
1665389854239 0.10556888901778767 33
1665389939194 0.10783353593621042 34
1665390019891 0.0969041048822154 35
1665390106781 0.09708941950795641 36
1665390190939 0.10931720976609303 37
1665390273453 0.10417041486501694 38
1665390357958 0.10753851421477814 39
1665390437159 0.06851747082996994 40
1665390519965 0.04492687374114033 41
1665390602901 0.03816411391379364 42
1665390682807 0.03345885751656739 43
1665390768475 0.026217381039776475 44
1665390849799 0.02733402331191373 45
1665390930090 0.024808042454551982 46
1665391014016 0.024047306981910186 47
1665391094644 0.021397188200705474 48
1665391174002 0.021337217602290605 49
1665391257017 0.023489639796467444 50
1665391339974 0.022753316097922863 51
1665391421665 0.018709079553204847 52
1665391508377 0.020282008516860295 53
1665391592528 0.017504433835725707 54
1665391673663 0.016617834807399767 55
1665391754515 0.015306149306426564 56
1665391835656 0.018195435509504563 57
1665391922247 0.01589946064305114 58
1665392005649 0.015570422507313839 59
1665392090404 0.014847308142956003 60
1665392171761 0.013644442319869995 61
1665392257220 0.015017021866328266 62
1665392345051 0.014101005821342927 63
1665392424944 0.013603598713093707 64
1665392504864 0.013655280243725545 65
1665392586230 0.012161765337711381 66
1665392670953 0.013458771946569604 67
1665392751223 0.012495577297804336 68
1665392832375 0.01420970062815374 69
1665392912539 0.013031817807425414 70
1665392993019 0.012633142042830288 71
1665393072806 0.01101708647058192 72
1665393154433 0.009520783402055864 73
1665393235882 0.010662948282865377 74
1665393316955 0.011130489874631166 75
1665393397777 0.010302734901627383 76
1665393477907 0.009993173997385436 77
1665393557970 0.009053089921493607 78
1665393637830 0.010419352716135402 79
1665393717491 0.008863155790154011 80
1665393798314 0.00908659377525891 81
1665393880895 0.01001231340811618 82
1665393966132 0.008930542532459321 83
1665394052515 0.009051841201193362 84
1665394135329 0.009460430936401627 85
1665394219601 0.007762740983302335 86
1665394302448 0.008987885117530823 87
1665394388862 0.009164411365148055 88
1665394477003 0.007783467749412726 89
1665394559560 0.008481884397837798 90
1665394639258 0.008602102737753622 91
1665394718777 0.007955421273025775 92
1665394797909 0.008070363723222286 93
1665394877673 0.007616194750530174 94
1665394957795 0.007476484081352571 95
1665395037342 0.008819592435915307 96
1665395117363 0.008627159034751027 97
1665395196707 0.007210447142521541 98
1665395276429 0.008600635033461356 99
1665395355761 0.0072538092161618896 100
1665395435648 0.008026827276351461 101
1665395515173 0.008425594262418247 102
1665395594626 0.007962521398440003 103
1665395673905 0.007508079303548702 104
1665395754224 0.007751694574952126 105
1665395833599 0.006785373521377763 106
1665395913170 0.00828069596585021 107
1665395993206 0.006010240639548704 108
1665396073008 0.007324886025793581 109
1665396152892 0.006862465262172684 110
1665396232630 0.006503564203799012 111
1665396311804 0.007053936556403936 112
1665396391854 0.007764372825024119 113
1665396471590 0.008267571248354451 114
1665396551321 0.006688618649458212 115
1665396632192 0.008193872556090356 116
1665396713267 0.006495837316694987 117
1665396794415 0.007403143558157496 118
1665396937713 0.006958093868201995 119
