1665387139471 6.315384566065776 0
1665387220860 5.1179423332214355 1
1665387301481 3.579047547286773 2
1665387383914 2.470444550991058 3
1665387468225 1.924004093170166 4
1665387552829 1.6927363642727036 5
1665387643024 1.5887853301340533 6
1665387731070 1.5585664606863452 7
1665387814124 1.5286666914339988 8
1665387895714 1.5120581648042124 9
1665387980753 1.4748129883120138 10
1665388061944 1.449074266418334 11
1665388144647 1.405328769281686 12
1665388232952 1.4126200206787232 13
1665388318096 1.3818527646811611 14
1665388403873 1.3756882919365143 15
1665388489160 1.358244946204036 16
1665388569649 1.368222552609731 17
1665388653407 1.3583265858960438 18
1665388740148 1.3455170627578674 19
1665388826008 1.3378018366713678 20
1665388905504 1.3391292950799387 21
1665388988522 1.331290763232016 22
1665389071442 1.3384098285628903 23
1665389121893 1.3231274451940291 24
1665389185591 1.3128032755851746 25
1665389269333 1.3087560742734425 26
1665389354087 1.3147587642133476 27
1665389438561 1.2946968423314842 28
1665389522306 1.294060014816652 29
1665389607151 1.2847852376570184 30
1665389686676 1.2834547820340199 31
1665389771202 1.2833431906489483 32
1665389854239 1.2769009725701423 33
1665389939194 1.273198334920791 34
1665390019891 1.2614494600449222 35
1665390106781 1.2628106956022331 36
1665390190939 1.268948647391844 37
1665390273453 1.2596939163208007 38
1665390357958 1.256576460696036 39
1665390437159 1.20416972762154 40
1665390519965 1.1497487686724068 41
1665390602901 1.137088461573344 42
1665390682807 1.1285106240506153 43
1665390768475 1.1185183347947147 44
1665390849799 1.1146090423246944 45
1665390930090 1.111323279070567 46
1665391014016 1.1080702251219845 47
1665391094644 1.103247507445274 48
1665391174002 1.1015995803632235 49
1665391257017 1.1022530881016843 50
1665391339974 1.0998504301232677 51
1665391421665 1.097455187973727 52
1665391508377 1.0976201295852661 53
1665391592528 1.0959723125021141 54
1665391673663 1.0914326958866962 55
1665391754515 1.0902161191266224 56
1665391835656 1.0900944844785943 57
1665391922247 1.0880045306730461 58
1665392005649 1.0867366560970444 59
1665392090404 1.0851306556219078 60
1665392171761 1.08216468334198 61
1665392257220 1.0845893832095657 62
1665392345051 1.0827125511973736 63
1665392424944 1.081412263935612 64
1665392504864 1.081511784945765 65
1665392586230 1.0791331914163405 66
1665392670953 1.0800670500724547 67
1665392751223 1.08135210746719 68
1665392832375 1.0792042608222654 69
1665392912539 1.0764935473280568 70
1665392993019 1.0717257026687683 71
1665393072806 1.0713499219542049 72
1665393154433 1.0674964725247278 73
1665393235882 1.0692272388983353 74
1665393316955 1.0700361171076376 75
1665393397777 1.066442649048495 76
1665393477907 1.0658567052289665 77
1665393557970 1.0647047111786991 78
1665393637830 1.0647428127065781 79
1665393717491 1.0640668138380973 80
1665393798314 1.0648351412627004 81
1665393880895 1.0648270340696457 82
1665393966132 1.0641852234262061 83
1665394052515 1.063780340803675 84
1665394135329 1.0621316064313713 85
1665394219601 1.063782989260662 86
1665394302448 1.062016435623169 87
1665394388862 1.062451100732428 88
1665394477003 1.0617368583254485 89
1665394559560 1.061429016985874 90
1665394639258 1.0628551451429245 91
1665394718777 1.0600784762251763 92
1665394797909 1.062212303761513 93
1665394877673 1.0615710762131165 94
1665394957795 1.060979879524813 95
1665395037342 1.0605978060917682 96
1665395117363 1.0627635645579143 97
1665395196707 1.0590879371367306 98
1665395276429 1.0605146692645164 99
1665395355761 1.060331583503754 100
1665395435648 1.0606668804544044 101
1665395515173 1.0609534916377836 102
1665395594626 1.05957363978509 103
1665395673905 1.0584889203310013 104
1665395754224 1.060747866153717 105
1665395833599 1.0599419769034328 106
1665395913170 1.0602826066764004 107
1665395993206 1.0571090883040524 108
1665396073008 1.0582528162194065 109
1665396152892 1.0600760233017705 110
1665396232630 1.0589206484165268 111
1665396311804 1.0577836331085637 112
1665396391854 1.0578230968919624 113
1665396471590 1.0586084281244585 114
1665396551321 1.0568188630765485 115
1665396632192 1.0566371393203735 116
1665396713267 1.0576150115714016 117
1665396794415 1.0561572600560016 118
1665396937713 1.0584422560580764 119
