1665387139471 0.9007774222208315 0
1665387220860 0.36312894998903733 1
1665387301481 0.18503144324708534 2
1665387383914 0.10120662449393421 3
1665387468225 0.05878547906782478 4
1665387552829 0.03599953297600449 5
1665387643024 0.02325391137949942 6
1665387731070 0.015990106576693155 7
1665387814124 0.011590121293275227 8
1665387895714 0.008930298165538378 9
1665387980753 0.007448499274980877 10
1665388061944 0.006407385194418772 11
1665388144647 0.005728227918571138 12
1665388232952 0.005219075174246687 13
1665388318096 0.004851778695195255 14
1665388403873 0.004605259008548525 15
1665388489160 0.004404128831156705 16
1665388569649 0.0042470879347837834 17
1665388653407 0.004105470819308995 18
1665388740148 0.003937614816110058 19
1665388826008 0.00385708951733015 20
1665388905504 0.003754004182654523 21
1665388988522 0.003605034507458068 22
1665389071442 0.0034752647813049054 23
1665389121893 0.0033714429957927357 24
1665389185591 0.003280868586152792 25
1665389269333 0.003161680492867966 26
1665389354087 0.0031257430923706197 27
1665389438561 0.002963567196567315 28
1665389522306 0.0029191552160165637 29
1665389607151 0.0028153857315355636 30
1665389686676 0.002761540513665202 31
1665389771202 0.002670028333900025 32
1665389854239 0.002626927433377733 33
1665389939194 0.002563646496010704 34
1665390019891 0.0024938597605679647 35
1665390106781 0.002437176133307767 36
1665390190939 0.0023961923259074786 37
1665390273453 0.0023377414122223855 38
1665390357958 0.002279628878891198 39
1665390437159 0.0020138145604681585 40
1665390519965 0.001796689157535034 41
1665390602901 0.0017523921850365568 42
1665390682807 0.001731701717472609 43
1665390768475 0.0017081915151260525 44
1665390849799 0.0016993102023796923 45
1665390930090 0.0016869966040765605 46
1665391014016 0.001680498477539055 47
1665391094644 0.0016662608550470923 48
1665391174002 0.0016734613862589968 49
1665391257017 0.0016668136429554418 50
1665391339974 0.0016650154650579357 51
1665391421665 0.0016360628707558814 52
1665391508377 0.0016478779337679346 53
1665391592528 0.0016398792071866404 54
1665391673663 0.0016227020586590212 55
1665391754515 0.0016098878529655885 56
1665391835656 0.0015966237922868576 57
1665391922247 0.0015911995484699387 58
1665392005649 0.0015792036849825856 59
1665392090404 0.0015510125469087239 60
1665392171761 0.001546443526633084 61
1665392257220 0.0015511694588664785 62
1665392345051 0.0015234399996473488 63
1665392424944 0.001508824834262111 64
1665392504864 0.001500466998080693 65
1665392586230 0.0014941464107851648 66
1665392670953 0.0014902686638261884 67
1665392751223 0.0014816189786576997 68
1665392832375 0.001475041318635997 69
1665392912539 0.0014366850354558518 70
1665392993019 0.0014103808193411454 71
1665393072806 0.001401825109964244 72
1665393154433 0.0013966636038441889 73
1665393235882 0.0013906622356414675 74
1665393316955 0.0013925097558850183 75
1665393397777 0.0013812308150145363 76
1665393477907 0.001378953030957545 77
1665393557970 0.0013685490936975941 78
1665393637830 0.001365122517229118 79
1665393717491 0.0013586341364932577 80
1665393798314 0.0013586141318345682 81
1665393880895 0.0013708031901548947 82
1665393966132 0.0013627076795489255 83
1665394052515 0.001359817508821297 84
1665394135329 0.0013603335227742493 85
1665394219601 0.0013568036540609646 86
1665394302448 0.0013590791933238507 87
1665394388862 0.0013482168038192403 88
1665394477003 0.0013461569413686027 89
1665394559560 0.0013416893106248033 90
1665394639258 0.001353296133944945 91
1665394718777 0.0013331388195623613 92
1665394797909 0.0013418803582974379 93
1665394877673 0.0013355308779923014 94
1665394957795 0.0013360363809040272 95
1665395037342 0.0013387074505154747 96
1665395117363 0.0013387914523519725 97
1665395196707 0.0013346348498315815 98
1665395276429 0.001330912965180863 99
1665395355761 0.0013351588657373682 100
1665395435648 0.0013309215007529381 101
1665395515173 0.0013374820879224927 102
1665395594626 0.0013191297564903394 103
1665395673905 0.0013259836480081562 104
1665395754224 0.0013253203984349966 105
1665395833599 0.001316032486960262 106
1665395913170 0.0013247500856343403 107
1665395993206 0.0013076358869387563 108
1665396073008 0.001312269354669235 109
1665396152892 0.001312853373219109 110
1665396232630 0.001307927524512596 111
1665396311804 0.0013028245847219759 112
1665396391854 0.0013028179790009276 113
1665396471590 0.0012985071173921647 114
1665396551321 0.001298569229191109 115
1665396632192 0.0012950709238648416 116
1665396713267 0.0012904267312106059 117
1665396794415 0.0012909756107517634 118
1665396937713 0.0012975514368023199 119
