1665397058765 1.2000376597705136 0
1665397140796 0.25760077043290597 1
1665397221644 0.12219077898526048 2
1665397302680 0.07937386472523213 3
1665397382624 0.05909295557439327 4
1665397462561 0.047611712018050346 5
1665397542295 0.03769542742520571 6
1665397621791 0.034950252021512675 7
1665397701484 0.034881755281540174 8
1665397781406 0.031178538094184572 9
1665397861142 0.026284862730291583 10
1665397940642 0.028001075167389165 11
1665398020842 0.02201234751257552 12
1665398100805 0.020999118790449387 13
1665398180809 0.01801789652960128 14
1665398261076 0.02000958013935501 15
1665398341420 0.020349552144247843 16
1665398420928 0.01867390723233242 17
1665398500877 0.017585737683088427 18
1665398580886 0.01897378694490496 19
1665398660564 0.020112417315343214 20
1665398740148 0.017272295655622598 21
1665398820975 0.018126899504192894 22
1665398869539 0.018310654285033385 23
1665398918394 0.01730293685555338 24
1665398961961 0.018826648667454718 25
1665399005884 0.017157506541794085 26
1665399049270 0.017541001764047576 27
1665399092382 0.017164864446444206 28
1665399135194 0.01802029538465791 29
1665399177692 0.016103820613469464 30
1665399220058 0.01748218544829921 31
1665399262700 0.018281038540105026 32
1665399305022 0.01727701528298278 33
1665399347050 0.014735374851302514 34
1665399389556 0.014284341996273842 35
1665399432119 0.01386752868273172 36
1665399474454 0.016024541648396527 37
1665399516889 0.015011182807385922 38
1665399559393 0.014417574872382946 39
1665399601491 0.009716384079036933 40
1665399644315 0.005204065276466939 41
1665399686670 0.004035564105823098 42
1665399729297 0.0038743852170176774 43
1665399771736 0.002842763625833404 44
1665399814323 0.003241094304286093 45
1665399856665 0.0030852033004882826 46
1665399899303 0.002994410517853666 47
1665399941460 0.002535753504132792 48
1665399983580 0.0019368156413679663 49
1665400025453 0.0020302428980829264 50
1665400067857 0.002713146071220117 51
1665400110337 0.0014799063217388578 52
1665400152755 0.0014710072053962923 53
1665400195396 0.0017923461235910055 54
1665400237780 0.0018718510821282145 55
1665400280236 0.0015440659156166405 56
1665400322593 0.0022056672131141506 57
1665400365098 0.0019339371704492703 58
1665400407657 0.0018899770431130766 59
1665400449890 0.001549068501735308 60
1665400492724 0.0012347221225500107 61
1665400535055 0.0011671914393643298 62
1665400577285 0.0013207859587836936 63
1665400619692 0.0014903876487345946 64
1665400661775 0.0013808071267821134 65
1665400704126 0.0011069329432962882 66
1665400746391 0.0011107416808485023 67
1665400788428 0.0011938440147787333 68
1665400830795 0.001170133255542286 69
1665400872816 0.0013846101825155557 70
1665400915477 0.0015544355304605033 71
1665400957796 0.0011244620641611188 72
1665401000286 0.0009988316067075923 73
1665401042238 0.000990334460851152 74
1665401084532 0.0009551330980273985 75
1665401127054 0.0011444200114552755 76
1665401169514 0.0013273273927559815 77
1665401211648 0.0011324752234371312 78
1665401254166 0.0010102145043351957 79
1665401296298 0.0005015387883289687 80
1665401338860 0.0006533501098953909 81
1665401380969 0.0009534728427928301 82
1665401423765 0.0008739705522914967 83
1665401466058 0.0008322960027609484 84
1665401508521 0.000992461380709606 85
1665401550814 0.0008196102597387919 86
1665401593702 0.0009588534869253635 87
1665401636206 0.0006746600483016795 88
1665401678367 0.0008172147609444283 89
1665401720289 0.0006899215386584703 90
1665401762763 0.0007631808158851439 91
1665401805023 0.00067583545892229 92
1665401847159 0.0009092711843550205 93
1665401889510 0.0006026714202390617 94
1665401932155 0.0010686530675514635 95
1665401974364 0.0015397475149676982 96
1665402017051 0.0005106115115275344 97
1665402059387 0.0008642980754076237 98
1665402101866 0.0006310780450040775 99
1665402144003 0.0007050685254075835 100
1665402186860 0.0005753055573946022 101
1665402229107 0.0008636807624791418 102
1665402271587 0.0007935220510849069 103
1665402313637 0.0006237747673425943 104
1665402356492 0.0006117333099246025 105
1665402398843 0.0007360878037700213 106
1665402441190 0.0006421922694846809 107
1665402483758 0.0005977353245678197 108
1665402526181 0.0010402657383357186 109
1665402568462 0.0005706828725974887 110
1665402610540 0.0006598117516229028 111
1665402652658 0.000948646712882316 112
1665402695219 0.0009713103717948538 113
1665402737616 0.0008539723743113779 114
1665402779805 0.0005392392594066839 115
1665402822499 0.0005406755208969117 116
1665402865140 0.00033771872789744873 117
1665402907566 0.0008020426285075376 118
1665403000934 0.0008793021458758408 119
