1665397058765 9.939099311828613 0
1665397140796 6.3298845291137695 1
1665397221644 4.275301456451416 2
1665397302680 2.9613406658172607 3
1665397382624 2.3049609661102295 4
1665397462561 2.0011627674102783 5
1665397542295 1.8333557844161987 6
1665397621791 1.800360083580017 7
1665397701484 1.7612513303756714 8
1665397781406 1.7210570573806763 9
1665397861142 1.6558754444122314 10
1665397940642 1.621812105178833 11
1665398020842 1.564998984336853 12
1665398100805 1.5476995706558228 13
1665398180809 1.5187127590179443 14
1665398261076 1.5238205194473267 15
1665398341420 1.5271459817886353 16
1665398420928 1.5002168416976929 17
1665398500877 1.4858253002166748 18
1665398580886 1.4903087615966797 19
1665398660564 1.484310507774353 20
1665398740148 1.4618552923202515 21
1665398820975 1.4708267450332642 22
1665398869539 1.468841552734375 23
1665398918394 1.452492594718933 24
1665398961961 1.4633243083953857 25
1665399005884 1.437768578529358 26
1665399049270 1.4403667449951172 27
1665399092382 1.4363375902175903 28
1665399135194 1.4365589618682861 29
1665399177692 1.4079790115356445 30
1665399220058 1.4172087907791138 31
1665399262700 1.4244879484176636 32
1665399305022 1.418390154838562 33
1665399347050 1.3913553953170776 34
1665399389556 1.3821327686309814 35
1665399432119 1.3740665912628174 36
1665399474454 1.3880648612976074 37
1665399516889 1.3738421201705933 38
1665399559393 1.366911768913269 39
1665399601491 1.2821240425109863 40
1665399644315 1.204259991645813 41
1665399686670 1.1740237474441528 42
1665399729297 1.162191390991211 43
1665399771736 1.1499687433242798 44
1665399814323 1.1456315517425537 45
1665399856665 1.140199065208435 46
1665399899303 1.1385554075241089 47
1665399941460 1.1310182809829712 48
1665399983580 1.1264139413833618 49
1665400025453 1.1211060285568237 50
1665400067857 1.1251444816589355 51
1665400110337 1.1125071048736572 52
1665400152755 1.1116222143173218 53
1665400195396 1.1170793771743774 54
1665400237780 1.1110045909881592 55
1665400280236 1.1114462614059448 56
1665400322593 1.1098612546920776 57
1665400365098 1.1104559898376465 58
1665400407657 1.1067800521850586 59
1665400449890 1.1058270931243896 60
1665400492724 1.0999780893325806 61
1665400535055 1.1023943424224854 62
1665400577285 1.0986870527267456 63
1665400619692 1.0998389720916748 64
1665400661775 1.0966360569000244 65
1665400704126 1.092488408088684 66
1665400746391 1.0925875902175903 67
1665400788428 1.0940830707550049 68
1665400830795 1.092538833618164 69
1665400872816 1.0906753540039062 70
1665400915477 1.0865296125411987 71
1665400957796 1.0832654237747192 72
1665401000286 1.0811967849731445 73
1665401042238 1.0799463987350464 74
1665401084532 1.0783964395523071 75
1665401127054 1.0799062252044678 76
1665401169514 1.0788811445236206 77
1665401211648 1.075840711593628 78
1665401254166 1.0762990713119507 79
1665401296298 1.071855902671814 80
1665401338860 1.0728822946548462 81
1665401380969 1.0763237476348877 82
1665401423765 1.0747684240341187 83
1665401466058 1.0732742547988892 84
1665401508521 1.074002981185913 85
1665401550814 1.0714339017868042 86
1665401593702 1.0735664367675781 87
1665401636206 1.0717812776565552 88
1665401678367 1.073017954826355 89
1665401720289 1.072265625 90
1665401762763 1.0704747438430786 91
1665401805023 1.0723953247070312 92
1665401847159 1.0729591846466064 93
1665401889510 1.0689607858657837 94
1665401932155 1.0709890127182007 95
1665401974364 1.0740351676940918 96
1665402017051 1.0701171159744263 97
1665402059387 1.0722143650054932 98
1665402101866 1.0715535879135132 99
1665402144003 1.0710852146148682 100
1665402186860 1.0686122179031372 101
1665402229107 1.0706751346588135 102
1665402271587 1.0701934099197388 103
1665402313637 1.0687291622161865 104
1665402356492 1.0700145959854126 105
1665402398843 1.0696041584014893 106
1665402441190 1.0687063932418823 107
1665402483758 1.0679694414138794 108
1665402526181 1.0700746774673462 109
1665402568462 1.0682933330535889 110
1665402610540 1.0694044828414917 111
1665402652658 1.0671718120574951 112
1665402695219 1.0701628923416138 113
1665402737616 1.0718460083007812 114
1665402779805 1.066087007522583 115
1665402822499 1.066681981086731 116
1665402865140 1.0655547380447388 117
1665402907566 1.0660481452941895 118
1665403000934 1.0677193403244019 119
