1665397058765 7.903883063649556 0
1665397140796 2.796227460884186 1
1665397221644 2.5186838979223167 2
1665397302680 2.601418683052063 3
1665397382624 2.74069029712677 4
1665397462561 2.8181760847329134 5
1665397542295 2.88554516530806 6
1665397621791 2.9782977277232754 7
1665397701484 2.9319291826217406 8
1665397781406 2.913717769807385 9
1665397861142 2.9227323137944743 10
1665397940642 2.823153804386816 11
1665398020842 2.809593575067788 12
1665398100805 2.792144147267782 13
1665398180809 2.7698042086329324 14
1665398261076 2.7408638019638367 15
1665398341420 2.6755691886426933 16
1665398420928 2.64240029346512 17
1665398500877 2.5937357418029663 18
1665398580886 2.549678471193735 19
1665398660564 2.500071462123625 20
1665398740148 2.4482901788526967 21
1665398820975 2.408147101440737 22
1665398869539 2.3638228601024998 23
1665398918394 2.3369062792870308 24
1665398961961 2.2815809507369993 25
1665399005884 2.2549875606015983 26
1665399049270 2.2109594890870246 27
1665399092382 2.195284323519971 28
1665399135194 2.160226259365618 29
1665399177692 2.1179361554034744 30
1665399220058 2.099150620789892 31
1665399262700 2.07012365668653 32
1665399305022 2.0629518926143646 33
1665399347050 2.0405046180371316 34
1665399389556 2.016726636503595 35
1665399432119 2.0150545198754615 36
1665399474454 1.9944522610629898 37
1665399516889 1.988034125328064 38
1665399559393 1.9760582048085429 39
1665399601491 1.9207320549795706 40
1665399644315 1.8994034279781173 41
1665399686670 1.888353834669274 42
1665399729297 1.8921893471216102 43
1665399771736 1.8897263520213974 44
1665399814323 1.8869967436694717 45
1665399856665 1.8837486333157643 46
1665399899303 1.8868645199810166 47
1665399941460 1.8763715576741002 48
1665399983580 1.8752729632111214 49
1665400025453 1.8676760273906383 50
1665400067857 1.8576655286935069 51
1665400110337 1.8501729936484832 52
1665400152755 1.84568113687048 53
1665400195396 1.852317673135474 54
1665400237780 1.8434902740769596 55
1665400280236 1.8399481275474212 56
1665400322593 1.8275779322926777 57
1665400365098 1.8221516934743367 58
1665400407657 1.8151501029370778 59
1665400449890 1.8050214258063748 60
1665400492724 1.79045547914505 61
1665400535055 1.7803491090674957 62
1665400577285 1.7802889107700333 63
1665400619692 1.7752678750022766 64
1665400661775 1.765019159163198 65
1665400704126 1.7419832324789417 66
1665400746391 1.7418822790345838 67
1665400788428 1.7406128784341197 68
1665400830795 1.7296309692244376 69
1665400872816 1.7241292816977347 70
1665400915477 1.7201011444191376 71
1665400957796 1.7109619943971135 72
1665401000286 1.7087758866398923 73
1665401042238 1.7027365046474132 74
1665401084532 1.702669855087034 75
1665401127054 1.6988024256794327 76
1665401169514 1.6978585624311822 77
1665401211648 1.6899118619750302 78
1665401254166 1.692031638756875 79
1665401296298 1.6915915497849066 80
1665401338860 1.6938302430414385 81
1665401380969 1.691848749114621 82
1665401423765 1.6958184984314393 83
1665401466058 1.684818905998904 84
1665401508521 1.6875185176550624 85
1665401550814 1.6850654657586033 86
1665401593702 1.683435161113739 87
1665401636206 1.6797643938217777 88
1665401678367 1.6814363451621792 89
1665401720289 1.6805501259290254 90
1665401762763 1.6785401346222046 91
1665401805023 1.6762534851028073 92
1665401847159 1.6769466453021573 93
1665401889510 1.671602963922493 94
1665401932155 1.6673558869036327 95
1665401974364 1.6710988556046085 96
1665402017051 1.6657579021760258 97
1665402059387 1.666450929928975 98
1665402101866 1.6722988991006729 99
1665402144003 1.6657232973844773 100
1665402186860 1.6639571534581932 101
1665402229107 1.6660868323618365 102
1665402271587 1.6613087937716515 103
1665402313637 1.6611241116639106 104
1665402356492 1.6632506222724914 105
1665402398843 1.6586858943763028 106
1665402441190 1.6540623817099147 107
1665402483758 1.6527633465916278 108
1665402526181 1.6535131045613423 109
1665402568462 1.6504426814856068 110
1665402610540 1.6512273212193478 111
1665402652658 1.6483859224358068 112
1665402695219 1.6488261471790482 113
1665402737616 1.646300386036596 114
1665402779805 1.6441435164982272 115
1665402822499 1.6471575889587402 116
1665402865140 1.6418083671585144 117
1665402907566 1.6419082003903676 118
1665403000934 1.6399084305667495 119
