1665397058765 7.381933752312718 0
1665397140796 3.3628168048628844 1
1665397221644 3.467592443328306 2
1665397302680 3.7683599405288697 3
1665397382624 4.058926085472107 4
1665397462561 4.212665193052177 5
1665397542295 4.362244366638122 6
1665397621791 4.518547596470002 7
1665397701484 4.451798172727708 8
1665397781406 4.474710896130531 9
1665397861142 4.516993236157202 10
1665397940642 4.394221677895515 11
1665398020842 4.431603041039892 12
1665398100805 4.410491309491506 13
1665398180809 4.437213338522548 14
1665398261076 4.370668853621885 15
1665398341420 4.276010768959321 16
1665398420928 4.23843843008141 17
1665398500877 4.198030453609175 18
1665398580886 4.122916838251443 19
1665398660564 4.059845717683915 20
1665398740148 4.004697166142925 21
1665398820975 3.9494963720921548 22
1665398869539 3.8819500400174047 23
1665398918394 3.8493582846656924 24
1665398961961 3.7662941131591796 25
1665399005884 3.754661448030587 26
1665399049270 3.6901719081832702 27
1665399092382 3.670378192840331 28
1665399135194 3.6047038926656945 29
1665399177692 3.603633572298839 30
1665399220058 3.5466555562842803 31
1665399262700 3.5085941031275985 32
1665399305022 3.499461620084701 33
1665399347050 3.485378839315907 34
1665399389556 3.4735742687700264 35
1665399432119 3.473165085038028 36
1665399474454 3.4265880977293572 37
1665399516889 3.4272271366119385 38
1665399559393 3.4311854589369988 39
1665399601491 3.4885663149818296 40
1665399644315 3.5638434781606896 41
1665399686670 3.6221544302132234 42
1665399729297 3.649859661079315 43
1665399771736 3.6862322518145705 44
1665399814323 3.709062121479387 45
1665399856665 3.729315588273198 46
1665399899303 3.7361164724970437 47
1665399941460 3.7517555923231187 48
1665399983580 3.7631546331320695 49
1665400025453 3.7629561810358334 50
1665400067857 3.7539367137416715 51
1665400110337 3.772345764091216 52
1665400152755 3.7848982360947083 53
1665400195396 3.751515714040243 54
1665400237780 3.7696965659957336 55
1665400280236 3.7587693742958894 56
1665400322593 3.7640365433980185 57
1665400365098 3.746593683120237 58
1665400407657 3.7439769156965386 59
1665400449890 3.730740189073555 60
1665400492724 3.7155071334838867 61
1665400535055 3.692681099995073 62
1665400577285 3.6976510396444175 63
1665400619692 3.6991389586079504 64
1665400661775 3.695065168603774 65
1665400704126 3.6729004479223684 66
1665400746391 3.6665898907569145 67
1665400788428 3.655865785575682 68
1665400830795 3.6442586846889986 69
1665400872816 3.6450231950129233 70
1665400915477 3.6495228589299216 71
1665400957796 3.662343537472338 72
1665401000286 3.6522288911255747 73
1665401042238 3.657740683690739 74
1665401084532 3.6591603304109266 75
1665401127054 3.6633907944323068 76
1665401169514 3.655447092400976 77
1665401211648 3.680891479354307 78
1665401254166 3.6683885426290574 79
1665401296298 3.669284801329336 80
1665401338860 3.663299160618936 81
1665401380969 3.6590283234273233 82
1665401423765 3.6577286050022844 83
1665401466058 3.66079557372863 84
1665401508521 3.656703833116585 85
1665401550814 3.6635733598686127 86
1665401593702 3.6588472061157225 87
1665401636206 3.66963461316733 88
1665401678367 3.659293788647362 89
1665401720289 3.6491230586279744 90
1665401762763 3.656788933661676 91
1665401805023 3.6567176811156736 92
1665401847159 3.6611558977634675 93
1665401889510 3.6688606356042457 94
1665401932155 3.669698176135021 95
1665401974364 3.648292968550839 96
1665402017051 3.6670829665708733 97
1665402059387 3.6514578430528144 98
1665402101866 3.644334869038674 99
1665402144003 3.653183361214976 100
1665402186860 3.6451632382879295 101
1665402229107 3.644507867674674 102
1665402271587 3.649269041515166 103
1665402313637 3.6494088980459396 104
1665402356492 3.643375424385071 105
1665402398843 3.6527563108497834 106
1665402441190 3.645243012761495 107
1665402483758 3.65212917806633 108
1665402526181 3.6373351367123155 109
1665402568462 3.639169854502524 110
1665402610540 3.6315021167399912 111
1665402652658 3.629356515552351 112
1665402695219 3.632939917974204 113
1665402737616 3.615980543436543 114
1665402779805 3.6270836524425016 115
1665402822499 3.623547553062439 116
1665402865140 3.6322837737669427 117
1665402907566 3.6225684684921937 118
1665403000934 3.622767708866472 119
