1665397058765 18.631546422659632 0
1665397140796 11.733862677731189 1
1665397221644 11.480932679999784 2
1665397302680 11.696210144042968 3
1665397382624 12.0154051322937 4
1665397462561 12.18595490589678 5
1665397542295 12.270299596171226 6
1665397621791 12.35146213346912 7
1665397701484 12.184525570561808 8
1665397781406 12.025892769136737 9
1665397861142 11.916869786477857 10
1665397940642 11.650059334693417 11
1665398020842 11.470728096713025 12
1665398100805 11.257506324584226 13
1665398180809 11.107840733355786 14
1665398261076 10.847996106588218 15
1665398341420 10.619373256422909 16
1665398420928 10.483524671041343 17
1665398500877 10.243963245407166 18
1665398580886 9.997004240870954 19
1665398660564 9.77093687365132 20
1665398740148 9.56103785960905 21
1665398820975 9.32959569654157 22
1665398869539 9.097729886731793 23
1665398918394 8.947057758608173 24
1665398961961 8.753290187835693 25
1665399005884 8.650933767418307 26
1665399049270 8.46734932436043 27
1665399092382 8.353969765475476 28
1665399135194 8.188355522462164 29
1665399177692 8.085216625627265 30
1665399220058 7.975362122776997 31
1665399262700 7.86153968558254 32
1665399305022 7.758736312389374 33
1665399347050 7.7136303417144285 34
1665399389556 7.641303453100733 35
1665399432119 7.592449027371694 36
1665399474454 7.52550785225558 37
1665399516889 7.470014896392822 38
1665399559393 7.433456680467052 39
1665399601491 7.395367855025876 40
1665399644315 7.410322463177294 41
1665399686670 7.41429466990582 42
1665399729297 7.407553791521065 43
1665399771736 7.403616932022524 44
1665399814323 7.402187136761156 45
1665399856665 7.400568864431726 46
1665399899303 7.404694610810184 47
1665399941460 7.384328165361958 48
1665399983580 7.371932466020469 49
1665400025453 7.352594060936437 50
1665400067857 7.336693450327842 51
1665400110337 7.318807617248781 52
1665400152755 7.295713928329897 53
1665400195396 7.27596072308031 54
1665400237780 7.258922251352823 55
1665400280236 7.2307865916485765 56
1665400322593 7.208720527020803 57
1665400365098 7.198189310280673 58
1665400407657 7.165432426345396 59
1665400449890 7.143427301123439 60
1665400492724 7.108032199859619 61
1665400535055 7.08346183232993 62
1665400577285 7.0651502302851545 63
1665400619692 7.053724585040923 64
1665400661775 7.029991855544429 65
1665400704126 6.9999650524508565 66
1665400746391 6.971828287647616 67
1665400788428 6.947055826264043 68
1665400830795 6.927978782884536 69
1665400872816 6.90613055229187 70
1665400915477 6.902641591298053 71
1665400957796 6.9056844787904055 72
1665401000286 6.901440585673097 73
1665401042238 6.896406860969328 74
1665401084532 6.893149637406872 75
1665401127054 6.893886797878158 76
1665401169514 6.89188503740303 77
1665401211648 6.896572522848964 78
1665401254166 6.8899632596200515 79
1665401296298 6.891020476818085 80
1665401338860 6.8788236110441145 81
1665401380969 6.873575358621536 82
1665401423765 6.870100492454437 83
1665401466058 6.875034575481491 84
1665401508521 6.867932030474805 85
1665401550814 6.86298690933779 86
1665401593702 6.857559272766113 87
1665401636206 6.855645457424792 88
1665401678367 6.853374492784261 89
1665401720289 6.848723927007513 90
1665401762763 6.847866673623362 91
1665401805023 6.844490424279244 92
1665401847159 6.845767861412417 93
1665401889510 6.839598289934028 94
1665401932155 6.838818620965184 95
1665401974364 6.834683477639194 96
1665402017051 6.829155701710039 97
1665402059387 6.822957079094577 98
1665402101866 6.817598308286359 99
1665402144003 6.815882975055326 100
1665402186860 6.81005659639596 101
1665402229107 6.80707912483523 102
1665402271587 6.80336876838438 103
1665402313637 6.79737893612154 104
1665402356492 6.800652282714844 105
1665402398843 6.798679730978357 106
1665402441190 6.792976865806732 107
1665402483758 6.786261905149284 108
1665402526181 6.779688297026607 109
1665402568462 6.7769797905798885 110
1665402610540 6.7757970833102705 111
1665402652658 6.7730672156762495 112
1665402695219 6.76627606656178 113
1665402737616 6.762572517318111 114
1665402779805 6.763191144312581 115
1665402822499 6.757466028213501 116
1665402865140 6.757740072457187 117
1665402907566 6.756816789328334 118
1665403000934 6.749434363889886 119
