1665397058765 0.00035 0
1665397140796 3.5000000000000004e-05 1
1665397221644 7.000000000000001e-05 2
1665397302680 0.00010499999999999999 3
1665397382624 0.00014000000000000001 4
1665397462561 0.000175 5
1665397542295 0.00020999999999999998 6
1665397621791 0.000245 7
1665397701484 0.00028000000000000003 8
1665397781406 0.000315 9
1665397861142 0.00035 10
1665397940642 0.00035 11
1665398020842 0.00035 12
1665398100805 0.00035 13
1665398180809 0.00035 14
1665398261076 0.00035 15
1665398341420 0.00035 16
1665398420928 0.00035 17
1665398500877 0.00035 18
1665398580886 0.00035 19
1665398660564 0.00035 20
1665398740148 0.00035 21
1665398820975 0.00035 22
1665398869539 0.00035 23
1665398918394 0.00035 24
1665398961961 0.00035 25
1665399005884 0.00035 26
1665399049270 0.00035 27
1665399092382 0.00035 28
1665399135194 0.00035 29
1665399177692 0.00035 30
1665399220058 0.00035 31
1665399262700 0.00035 32
1665399305022 0.00035 33
1665399347050 0.00035 34
1665399389556 0.00035 35
1665399432119 0.00035 36
1665399474454 0.00035 37
1665399516889 0.00035 38
1665399559393 0.00035 39
1665399601491 3.5000000000000004e-05 40
1665399644315 3.5000000000000004e-05 41
1665399686670 3.5000000000000004e-05 42
1665399729297 3.5000000000000004e-05 43
1665399771736 3.5000000000000004e-05 44
1665399814323 3.5000000000000004e-05 45
1665399856665 3.5000000000000004e-05 46
1665399899303 3.5000000000000004e-05 47
1665399941460 3.5000000000000004e-05 48
1665399983580 3.5000000000000004e-05 49
1665400025453 3.5000000000000004e-05 50
1665400067857 3.5000000000000004e-05 51
1665400110337 3.5000000000000004e-05 52
1665400152755 3.5000000000000004e-05 53
1665400195396 3.5000000000000004e-05 54
1665400237780 3.5000000000000004e-05 55
1665400280236 3.5000000000000004e-05 56
1665400322593 3.5000000000000004e-05 57
1665400365098 3.5000000000000004e-05 58
1665400407657 3.5000000000000004e-05 59
1665400449890 3.5000000000000004e-05 60
1665400492724 3.5000000000000004e-05 61
1665400535055 3.5000000000000004e-05 62
1665400577285 3.5000000000000004e-05 63
1665400619692 3.5000000000000004e-05 64
1665400661775 3.5000000000000004e-05 65
1665400704126 3.5000000000000004e-05 66
1665400746391 3.5000000000000004e-05 67
1665400788428 3.5000000000000004e-05 68
1665400830795 3.5000000000000004e-05 69
1665400872816 3.5000000000000004e-06 70
1665400915477 3.5000000000000004e-06 71
1665400957796 3.5000000000000004e-06 72
1665401000286 3.5000000000000004e-06 73
1665401042238 3.5000000000000004e-06 74
1665401084532 3.5000000000000004e-06 75
1665401127054 3.5000000000000004e-06 76
1665401169514 3.5000000000000004e-06 77
1665401211648 3.5000000000000004e-06 78
1665401254166 3.5000000000000004e-06 79
1665401296298 3.5000000000000004e-06 80
1665401338860 3.5000000000000004e-06 81
1665401380969 3.5000000000000004e-06 82
1665401423765 3.5000000000000004e-06 83
1665401466058 3.5000000000000004e-06 84
1665401508521 3.5000000000000004e-06 85
1665401550814 3.5000000000000004e-06 86
1665401593702 3.5000000000000004e-06 87
1665401636206 3.5000000000000004e-06 88
1665401678367 3.5000000000000004e-06 89
1665401720289 3.5000000000000004e-06 90
1665401762763 3.5000000000000004e-06 91
1665401805023 3.5000000000000004e-06 92
1665401847159 3.5000000000000004e-06 93
1665401889510 3.5000000000000004e-06 94
1665401932155 3.5000000000000004e-06 95
1665401974364 3.5000000000000004e-06 96
1665402017051 3.5000000000000004e-06 97
1665402059387 3.5000000000000004e-06 98
1665402101866 3.5000000000000004e-06 99
1665402144003 3.5000000000000004e-06 100
1665402186860 3.5000000000000004e-06 101
1665402229107 3.5000000000000004e-06 102
1665402271587 3.5000000000000004e-06 103
1665402313637 3.5000000000000004e-06 104
1665402356492 3.5000000000000004e-06 105
1665402398843 3.5000000000000004e-06 106
1665402441190 3.5000000000000004e-06 107
1665402483758 3.5000000000000004e-06 108
1665402526181 3.5000000000000004e-06 109
1665402568462 3.5000000000000004e-06 110
1665402610540 3.5000000000000004e-06 111
1665402652658 3.5000000000000004e-06 112
1665402695219 3.5000000000000004e-06 113
1665402737616 3.5000000000000004e-06 114
1665402779805 3.5000000000000004e-06 115
1665402822499 3.5000000000000004e-06 116
1665402865140 3.5000000000000004e-06 117
1665402907566 3.5000000000000004e-06 118
1665403000934 3.5000000000000004e-06 119
