1665397058765 6.312255595103804 0
1665397140796 5.104593262614974 1
1665397221644 3.5528743468135238 2
1665397302680 2.4696532402038573 3
1665397382624 1.932777219772339 4
1665397462561 1.7002914909378113 5
1665397542295 1.5831502065543206 6
1665397621791 1.5650172555638897 7
1665397701484 1.5335497774424092 8
1665397781406 1.5141732654263895 9
1665397861142 1.466730871988881 10
1665397940642 1.4374580830335617 11
1665398020842 1.4039471948960698 12
1665398100805 1.3958517705580318 13
1665398180809 1.3802872077528252 14
1665398261076 1.3753527158714203 15
1665398341420 1.3746445873176238 16
1665398420928 1.3564821122640587 17
1665398500877 1.3497439014863777 18
1665398580886 1.3471492605515751 19
1665398660564 1.3412223982234155 20
1665398740148 1.3285682134089931 21
1665398820975 1.3345002599300877 22
1665398869539 1.33015441846463 23
1665398918394 1.318618610981972 24
1665398961961 1.3201062126159668 25
1665399005884 1.3061796886375152 26
1665399049270 1.3051629315418412 27
1665399092382 1.30367532169005 28
1665399135194 1.301902656574326 29
1665399177692 1.2800967913554855 30
1665399220058 1.2841712719944107 31
1665399262700 1.2880007947783871 32
1665399305022 1.282967449676606 33
1665399347050 1.269662041817942 34
1665399389556 1.2619195846189935 35
1665399432119 1.2589422023918735 36
1665399474454 1.2627542569455372 37
1665399516889 1.2517845411300659 38
1665399559393 1.251038916649357 39
1665399601491 1.2034583096542666 40
1665399644315 1.151464902732267 41
1665399686670 1.1340405165431011 42
1665399729297 1.1252448352943942 43
1665399771736 1.118045469364488 44
1665399814323 1.112610408579968 45
1665399856665 1.109635677682348 46
1665399899303 1.1085817675035163 47
1665399941460 1.1042149860051371 48
1665399983580 1.1025947776400609 49
1665400025453 1.0971282783307528 50
1665400067857 1.0989098721934902 51
1665400110337 1.0931895885122829 52
1665400152755 1.0925335448429767 53
1665400195396 1.0948358046481887 54
1665400237780 1.0911183089137557 55
1665400280236 1.0912938065318218 56
1665400322593 1.0889786285568912 57
1665400365098 1.0895857777461468 58
1665400407657 1.0865908736684715 59
1665400449890 1.0868202385653454 60
1665400492724 1.083564468383789 61
1665400535055 1.0850063557605667 62
1665400577285 1.0814270843942482 63
1665400619692 1.0830692043227534 64
1665400661775 1.0801752478845659 65
1665400704126 1.0773245206763666 66
1665400746391 1.0774130561659414 67
1665400788428 1.0783803501436788 68
1665400830795 1.0770983945938848 69
1665400872816 1.0752330710811 70
1665400915477 1.0713551145002067 71
1665400957796 1.0698464716294682 72
1665401000286 1.0684364956882801 73
1665401042238 1.0669416715259012 74
1665401084532 1.066818010903174 75
1665401127054 1.0665396145548687 76
1665401169514 1.0654107423192527 77
1665401211648 1.0639753925752449 78
1665401254166 1.064429936870452 79
1665401296298 1.0626379222639146 80
1665401338860 1.0628593304464895 81
1665401380969 1.0648237630244224 82
1665401423765 1.0631138694334221 83
1665401466058 1.062366444901769 84
1665401508521 1.0619470584823425 85
1665401550814 1.0620279067970184 86
1665401593702 1.0616950888633727 87
1665401636206 1.0619486685258797 88
1665401678367 1.061962344868463 89
1665401720289 1.0616855915741399 90
1665401762763 1.0608518258217843 91
1665401805023 1.0617767625278043 92
1665401847159 1.0618681484653103 93
1665401889510 1.0600303890235931 94
1665401932155 1.0598387790013508 95
1665401974364 1.0605000425055324 96
1665402017051 1.0606461212816967 97
1665402059387 1.0613793603866455 98
1665402101866 1.0614202911815336 99
1665402144003 1.060733191428646 100
1665402186860 1.0596152242407741 101
1665402229107 1.0598201237378582 102
1665402271587 1.0595358610153198 103
1665402313637 1.0597618231850285 104
1665402356492 1.0600225324630737 105
1665402398843 1.059503198148735 106
1665402441190 1.0591306336912285 107
1665402483758 1.058716023782171 108
1665402526181 1.0594291399760418 109
1665402568462 1.0589870973940818 110
1665402610540 1.0594393883639501 111
1665402652658 1.0571624195044822 112
1665402695219 1.0594282614658157 113
1665402737616 1.0602946814990812 114
1665402779805 1.0576894163124022 115
1665402822499 1.057982267856598 116
1665402865140 1.0576385178240428 117
1665402907566 1.0561872759018558 118
1665403000934 1.0577185651863434 119
