1665397058765 1.537442761492059 0
1665397140796 0.604871036237981 1
1665397221644 0.4149780766552232 2
1665397302680 0.3114369182884693 3
1665397382624 0.25450020149350167 4
1665397462561 0.2174254777321375 5
1665397542295 0.1893618696879956 6
1665397621791 0.18424457853900328 7
1665397701484 0.1812366747087048 8
1665397781406 0.1666986474076346 9
1665397861142 0.15542183017298097 10
1665397940642 0.15015985034105758 11
1665398020842 0.1335126271837926 12
1665398100805 0.12571516706342678 13
1665398180809 0.11556765712408655 14
1665398261076 0.1238380293679764 15
1665398341420 0.12769621474496332 16
1665398420928 0.12084833730057061 17
1665398500877 0.11442266585656917 18
1665398580886 0.12020772399313479 19
1665398660564 0.11913485955747385 20
1665398740148 0.1123200211403591 21
1665398820975 0.11457892478774151 22
1665398869539 0.11685831940943195 23
1665398918394 0.11316752504377116 24
1665398961961 0.12113864779472351 25
1665399005884 0.11128089078758137 26
1665399049270 0.11464153495000069 27
1665399092382 0.11253699362577205 28
1665399135194 0.11373474384586973 29
1665399177692 0.10900808766065352 30
1665399220058 0.11286591433257942 31
1665399262700 0.11560033005942781 32
1665399305022 0.1155600247213677 33
1665399347050 0.1044527440361919 34
1665399389556 0.10349787183734308 35
1665399432119 0.09886543445259213 36
1665399474454 0.10692997032918604 37
1665399516889 0.10472063210606575 38
1665399559393 0.09916324510930045 39
1665399601491 0.06695399078870973 40
1665399644315 0.04579473725224595 41
1665399686670 0.034210258309381555 42
1665399729297 0.031361300228949056 43
1665399771736 0.027380118468200345 44
1665399814323 0.02808809874347415 45
1665399856665 0.025796893026575028 46
1665399899303 0.025292051634395938 47
1665399941460 0.02260480018993539 48
1665399983580 0.02021058746858647 49
1665400025453 0.02029332222967495 50
1665400067857 0.02187137259170413 51
1665400110337 0.01621166301001028 52
1665400152755 0.015989008931869483 53
1665400195396 0.018798444285450213 54
1665400237780 0.016382069861793136 55
1665400280236 0.01697734511461124 56
1665400322593 0.017059467882516395 57
1665400365098 0.017330602409849204 58
1665400407657 0.016699691194607073 59
1665400449890 0.01588550461343972 60
1665400492724 0.013627203032374382 61
1665400535055 0.014673734330628291 62
1665400577285 0.014394208721547242 63
1665400619692 0.01374209117174389 64
1665400661775 0.01356414316462413 65
1665400704126 0.012562661011132502 66
1665400746391 0.012575930855687588 67
1665400788428 0.013024323890286108 68
1665400830795 0.012796259139694514 69
1665400872816 0.012614207477459023 70
1665400915477 0.012206113182876005 71
1665400957796 0.010896066630102065 72
1665401000286 0.010364739262020056 73
1665401042238 0.010631770212278674 74
1665401084532 0.009239372196457079 75
1665401127054 0.01084555776782304 76
1665401169514 0.01076316808062385 77
1665401211648 0.009365514833405315 78
1665401254166 0.009489419419438608 79
1665401296298 0.0073518350630277585 80
1665401338860 0.00800569408062485 81
1665401380969 0.009175896314122984 82
1665401423765 0.009414953983811489 83
1665401466058 0.008720063772725772 84
1665401508521 0.009702190906407842 85
1665401550814 0.007232856843246514 86
1665401593702 0.00955451038479805 87
1665401636206 0.007810269250538215 88
1665401678367 0.008890808066013854 89
1665401720289 0.008541703857632301 90
1665401762763 0.007505359638842845 91
1665401805023 0.00859432300973323 92
1665401847159 0.008835464205232358 93
1665401889510 0.006991521810671412 94
1665401932155 0.008748373435623196 95
1665401974364 0.010650772526561016 96
1665402017051 0.007631284195974648 97
1665402059387 0.008632959730653878 98
1665402101866 0.008167541345521327 99
1665402144003 0.008310514982909925 100
1665402186860 0.007092973000433551 101
1665402229107 0.008655377325692003 102
1665402271587 0.008540055984931608 103
1665402313637 0.007013628364450509 104
1665402356492 0.008050338014960289 105
1665402398843 0.008041490841821495 106
1665402441190 0.0076127257272900345 107
1665402483758 0.007340449061858128 108
1665402526181 0.00828329473733902 109
1665402568462 0.00742250210755775 110
1665402610540 0.007988412551551695 111
1665402652658 0.007753277189939128 112
1665402695219 0.008457244385078728 113
1665402737616 0.009390170385520305 114
1665402779805 0.006555170812193424 115
1665402822499 0.006857542902231216 116
1665402865140 0.006280759087647779 117
1665402907566 0.007763561788931429 118
1665403000934 0.007827574836022883 119
