1665397058765 0.8893641898311285 0
1665397140796 0.36282015235787896 1
1665397221644 0.1852579609300178 2
1665397302680 0.1008765251711011 3
1665397382624 0.05859034817386419 4
1665397462561 0.03583407633934155 5
1665397542295 0.023148175129937307 6
1665397621791 0.016148133225919258 7
1665397701484 0.011583215204037486 8
1665397781406 0.00900669124037508 9
1665397861142 0.007437981219188641 10
1665397940642 0.00619319703752896 11
1665398020842 0.0055269194714515565 12
1665398100805 0.005133645785748061 13
1665398180809 0.0048401730432433175 14
1665398261076 0.004620390127873026 15
1665398341420 0.0044557693457402976 16
1665398420928 0.0042124521847530065 17
1665398500877 0.004073119082723756 18
1665398580886 0.003977978095247683 19
1665398660564 0.0038408570708857188 20
1665398740148 0.0036948410730298247 21
1665398820975 0.0036207128366861014 22
1665398869539 0.0035182080257894293 23
1665398918394 0.003403454727958888 24
1665398961961 0.003252594754099846 25
1665399005884 0.003150608691659917 26
1665399049270 0.0030212423859545625 27
1665399092382 0.0029604502852602177 28
1665399135194 0.0029012544939002716 29
1665399177692 0.0027704133397813543 30
1665399220058 0.0026895243068595968 31
1665399262700 0.002605886827877547 32
1665399305022 0.002585782076142007 33
1665399347050 0.0025053329628727007 34
1665399389556 0.0024309873124621958 35
1665399432119 0.0023915766542927028 36
1665399474454 0.0023560928569799923 37
1665399516889 0.002325756201054901 38
1665399559393 0.002292159726493992 39
1665399601491 0.001995372361101721 40
1665399644315 0.0017964199730513026 41
1665399686670 0.0017373825182173267 42
1665399729297 0.0017108924585921936 43
1665399771736 0.0017003781899966929 44
1665399814323 0.0016918725214419834 45
1665399856665 0.0016813542629334044 46
1665399899303 0.0016872526649535302 47
1665399941460 0.0016628286304635807 48
1665399983580 0.0016717881422399388 49
1665400025453 0.0016540880644927744 50
1665400067857 0.0016500510011551782 51
1665400110337 0.0016260229197917993 52
1665400152755 0.0016286247218192283 53
1665400195396 0.0016528567127195228 54
1665400237780 0.0016324679244751014 55
1665400280236 0.0016310779115065452 56
1665400322593 0.0016175321921384539 57
1665400365098 0.0016057214935321406 58
1665400407657 0.001599566591155517 59
1665400449890 0.0015722503132901218 60
1665400492724 0.0015517272311262786 61
1665400535055 0.0015471643159525044 62
1665400577285 0.0015450323984236363 63
1665400619692 0.0015372452570215588 64
1665400661775 0.0015160209389456036 65
1665400704126 0.001494383225367675 66
1665400746391 0.0014878307448534837 67
1665400788428 0.0014846126470083913 68
1665400830795 0.0014741700128539496 69
1665400872816 0.0014434728279499518 70
1665400915477 0.001414100722742667 71
1665400957796 0.0013983725068948594 72
1665401000286 0.001396703837356466 73
1665401042238 0.001382516579219868 74
1665401084532 0.0013839359946301087 75
1665401127054 0.0013767785540441553 76
1665401169514 0.001380006438139901 77
1665401211648 0.0013674614543327127 78
1665401254166 0.0013695434388336575 79
1665401296298 0.0013647423141763635 80
1665401338860 0.001363967475387448 81
1665401380969 0.0013705231972234023 82
1665401423765 0.001365579929797495 83
1665401466058 0.0013555098338104993 84
1665401508521 0.0013612789330054 85
1665401550814 0.0013536959830447134 86
1665401593702 0.0013579062693752349 87
1665401636206 0.0013476544603084524 88
1665401678367 0.0013475413655726473 89
1665401720289 0.0013483872138499188 90
1665401762763 0.0013544136191710769 91
1665401805023 0.0013484015554798047 92
1665401847159 0.0013462801796248964 93
1665401889510 0.0013362177269884861 94
1665401932155 0.0013331585974211853 95
1665401974364 0.0013445013541219584 96
1665402017051 0.0013291346242120228 97
1665402059387 0.0013378013227411721 98
1665402101866 0.0013347653791330935 99
1665402144003 0.0013365608488862973 100
1665402186860 0.001328702094070763 101
1665402229107 0.0013359310964475416 102
1665402271587 0.0013240301622934039 103
1665402313637 0.001329905480698442 104
1665402356492 0.00132988743763417 105
1665402398843 0.001323475876456523 106
1665402441190 0.0013209704097442657 107
1665402483758 0.001315311271132505 108
1665402526181 0.0013219193666687153 109
1665402568462 0.0013131793013833944 110
1665402610540 0.001316901281766352 111
1665402652658 0.001307494302566808 112
1665402695219 0.0013061317570327994 113
1665402737616 0.0013071403373032808 114
1665402779805 0.0013031536340525735 115
1665402822499 0.0013014193335548043 116
1665402865140 0.0012977981867912005 117
1665402907566 0.0012950740327280629 118
1665403000934 0.0012939564727553461 119
