1665379360360 1.224289400989272 0
1665379440706 0.2679388153415368 1
1665379519905 0.12592695117834582 2
1665379600791 0.07657094236463308 3
1665379681443 0.05688047911226749 4
1665379761860 0.045040250804469766 5
1665379842035 0.03646511414028224 6
1665379921169 0.03368907787596747 7
1665380001137 0.03308585427340961 8
1665380081417 0.03184639356820093 9
1665380161361 0.027078656494737632 10
1665380241173 0.026435064534927086 11
1665380320905 0.02094102490798058 12
1665380401168 0.020136609306955433 13
1665380481488 0.018961766674875254 14
1665380562036 0.020789728630857773 15
1665380642704 0.01855427763578164 16
1665380721979 0.01744913315796948 17
1665380802672 0.017739918958171303 18
1665380883182 0.017349089290123867 19
1665380963133 0.02183433986389108 20
1665381044713 0.019644545150860664 21
1665381125753 0.017709605523475235 22
1665381207584 0.016927583323371027 23
1665381287724 0.01632967797077952 24
1665381368438 0.01784104435890913 25
1665381450737 0.01792871720161304 26
1665381531625 0.01837325867744215 27
1665381611711 0.01774357486680808 28
1665381692215 0.020032565128133 29
1665381773624 0.017009208588505607 30
1665381854855 0.017922844864936716 31
1665381936931 0.016105316822458225 32
1665382017274 0.016385969788497014 33
1665382098096 0.016029357932688247 34
1665382179405 0.013492483810248625 35
1665382260387 0.015163252182514313 36
1665382344029 0.01499181772286753 37
1665382427839 0.015079072698950768 38
1665382513331 0.01616024280027036 39
1665382598272 0.009275322201691808 40
1665382682266 0.0047068202524000865 41
1665382766123 0.00486352092709886 42
1665382849198 0.0042514471808470875 43
1665382931285 0.003418904860096284 44
1665383013991 0.0034852363543218397 45
1665383097574 0.0026638109281838657 46
1665383186254 0.002891307719141604 47
1665383270426 0.0030023720032805877 48
1665383358635 0.0020177208249144226 49
1665383442762 0.002211202022728891 50
1665383527747 0.0020917079509085706 51
1665383611657 0.0015740234060699202 52
1665383692336 0.0016704861179413087 53
1665383773657 0.001646898739249352 54
1665383855990 0.001530372664841064 55
1665383941644 0.0017551955089990393 56
1665384025179 0.0018135669667378486 57
1665384104136 0.0015984798471132915 58
1665384147774 0.0017497475674173918 59
1665384229991 0.001609893156641937 60
1665384315913 0.0011966831684112548 61
1665384398589 0.0014622965715376727 62
1665384480477 0.0010092577796025448 63
1665384565393 0.0012494252784357918 64
1665384646930 0.0014530655086761521 65
1665384729145 0.0014427481744919092 66
1665384811111 0.0013647670294308373 67
1665384893341 0.001185831565019344 68
1665384978943 0.001474780980647812 69
1665385066639 0.0011272087107382475 70
1665385150556 0.0011833132540126402 71
1665385234559 0.0007414872754350245 72
1665385320904 0.0010178322688891338 73
1665385402886 0.0008663552613393498 74
1665385490290 0.0008875181515430731 75
1665385577832 0.0011426055033403229 76
1665385664360 0.0016737185366242286 77
1665385750303 0.0006425994407221017 78
1665385831983 0.0012069420228081366 79
1665385912607 0.000771289026635068 80
1665385993261 0.0007679135794000279 81
1665386073719 0.0008924479461124827 82
1665386155073 0.0009913305381694473 83
1665386235495 0.0008897359060295614 84
1665386316427 0.0011824885585221899 85
1665386397453 0.0007508626379760873 86
1665386479109 0.0006185001991689205 87
1665386560451 0.0008136375122759715 88
1665386639943 0.0007399042600743201 89
1665386720415 0.0009473022789909289 90
1665386801372 0.000980704181617306 91
1665386881775 0.0007968830290220437 92
1665386949798 0.0006810055534926153 93
1665387006508 0.0009376398441063831 94
1665387051384 0.0007369148219565311 95
1665387130132 0.0012131685832418113 96
1665387211822 0.0006097058492551846 97
1665387291925 0.0007634159424398318 98
1665387373039 0.0004167428180094688 99
1665387454610 0.0006287557395896124 100
1665387540027 0.0006716797188163761 101
1665387627586 0.0011240376737870037 102
1665387716537 0.000767361004686644 103
1665387800570 0.0004415145752230479 104
1665387882134 0.0008937749303877353 105
1665387966889 0.0006020606783439357 106
1665388048230 0.0006213387676391257 107
1665388129182 0.0005532423909529146 108
1665388216614 0.000944071636351955 109
1665388301726 0.0006562969159154642 110
1665388387772 0.0005217835473024893 111
1665388471379 0.0008568001895961974 112
1665388551982 0.0004845408790082817 113
1665388635803 0.0005437999197672452 114
1665388720636 0.0006223349426422388 115
1665388807358 0.0006657867394387722 116
1665388887236 0.0005308306405702269 117
1665388970311 0.00081008462138085 118
1665389107646 0.0006069620794440847 119
