1665379360360 10.012121200561523 0
1665379440706 6.365954875946045 1
1665379519905 4.297488212585449 2
1665379600791 2.941166639328003 3
1665379681443 2.283933162689209 4
1665379761860 1.97993004322052 5
1665379842035 1.8317475318908691 6
1665379921169 1.778882384300232 7
1665380001137 1.7400834560394287 8
1665380081417 1.7337397336959839 9
1665380161361 1.6704696416854858 10
1665380241173 1.6275628805160522 11
1665380320905 1.5585684776306152 12
1665380401168 1.550803542137146 13
1665380481488 1.5235997438430786 14
1665380562036 1.5326054096221924 15
1665380642704 1.514044165611267 16
1665380721979 1.4893245697021484 17
1665380802672 1.4852896928787231 18
1665380883182 1.4789739847183228 19
1665380963133 1.5113197565078735 20
1665381044713 1.4790973663330078 21
1665381125753 1.4698396921157837 22
1665381207584 1.462241291999817 23
1665381287724 1.453064203262329 24
1665381368438 1.4527437686920166 25
1665381450737 1.4390403032302856 26
1665381531625 1.4483250379562378 27
1665381611711 1.4337570667266846 28
1665381692215 1.4588369131088257 29
1665381773624 1.428093433380127 30
1665381854855 1.420305848121643 31
1665381936931 1.4064580202102661 32
1665382017274 1.4140154123306274 33
1665382098096 1.3964786529541016 34
1665382179405 1.3740134239196777 35
1665382260387 1.3929554224014282 36
1665382344029 1.3824856281280518 37
1665382427839 1.3751236200332642 38
1665382513331 1.3877127170562744 39
1665382598272 1.289961576461792 40
1665382682266 1.1989290714263916 41
1665382766123 1.181496500968933 42
1665382849198 1.1688286066055298 43
1665382931285 1.1563498973846436 44
1665383013991 1.150309443473816 45
1665383097574 1.1399986743927002 46
1665383186254 1.137903094291687 47
1665383270426 1.1315836906433105 48
1665383358635 1.1252046823501587 49
1665383442762 1.1253502368927002 50
1665383527747 1.1218446493148804 51
1665383611657 1.1157997846603394 52
1665383692336 1.1171412467956543 53
1665383773657 1.1131571531295776 54
1665383855990 1.112619161605835 55
1665383941644 1.1149958372116089 56
1665384025179 1.1112226247787476 57
1665384104136 1.1069214344024658 58
1665384147774 1.1055561304092407 59
1665384229991 1.102518081665039 60
1665384315913 1.1008176803588867 61
1665384398589 1.1029199361801147 62
1665384480477 1.0979965925216675 63
1665384565393 1.098209261894226 64
1665384646930 1.0993268489837646 65
1665384729145 1.0968080759048462 66
1665384811111 1.0973111391067505 67
1665384893341 1.092166781425476 68
1665384978943 1.0950393676757812 69
1665385066639 1.0896109342575073 70
1665385150556 1.0869696140289307 71
1665385234559 1.0811313390731812 72
1665385320904 1.080688714981079 73
1665385402886 1.0797181129455566 74
1665385490290 1.0793176889419556 75
1665385577832 1.0800635814666748 76
1665385664360 1.0806026458740234 77
1665385750303 1.073364019393921 78
1665385831983 1.0788960456848145 79
1665385912607 1.0775812864303589 80
1665385993261 1.0735095739364624 81
1665386073719 1.076815128326416 82
1665386155073 1.0768320560455322 83
1665386235495 1.077215552330017 84
1665386316427 1.0728811025619507 85
1665386397453 1.0705872774124146 86
1665386479109 1.0723932981491089 87
1665386560451 1.0723434686660767 88
1665386639943 1.0713800191879272 89
1665386720415 1.0764825344085693 90
1665386801372 1.0733522176742554 91
1665386881775 1.0740420818328857 92
1665386949798 1.0714819431304932 93
1665387006508 1.0726722478866577 94
1665387051384 1.0713070631027222 95
1665387130132 1.0736719369888306 96
1665387211822 1.0698965787887573 97
1665387291925 1.0721704959869385 98
1665387373039 1.0680392980575562 99
1665387454610 1.0701014995574951 100
1665387540027 1.0705077648162842 101
1665387627586 1.0729379653930664 102
1665387716537 1.070175051689148 103
1665387800570 1.0676348209381104 104
1665387882134 1.0699745416641235 105
1665387966889 1.0677008628845215 106
1665388048230 1.0664716958999634 107
1665388129182 1.0680512189865112 108
1665388216614 1.0708179473876953 109
1665388301726 1.0695680379867554 110
1665388387772 1.0680302381515503 111
1665388471379 1.067157506942749 112
1665388551982 1.0640610456466675 113
1665388635803 1.0650819540023804 114
1665388720636 1.0680482387542725 115
1665388807358 1.068038821220398 116
1665388887236 1.0658648014068604 117
1665388970311 1.0689940452575684 118
1665389107646 1.0649452209472656 119
