1665379360360 8.090616316201697 0
1665379440706 2.838635447513626 1
1665379519905 2.5415248957025 2
1665379600791 2.6776847076416015 3
1665379681443 2.7971475801467895 4
1665379761860 2.9085204179985933 5
1665379842035 2.98191177075909 6
1665379921169 3.0022295848015816 7
1665380001137 2.9994388655308755 8
1665380081417 2.9808686731323117 9
1665380161361 2.9446170118547257 10
1665380241173 2.913857411953711 11
1665380320905 2.89462353522519 12
1665380401168 2.845673743979519 13
1665380481488 2.8293696263707786 14
1665380562036 2.7514572449956076 15
1665380642704 2.7173532558732245 16
1665380721979 2.6792103459078622 17
1665380802672 2.6040243298174386 18
1665380883182 2.553994849025006 19
1665380963133 2.532064538809561 20
1665381044713 2.4810957562538887 21
1665381125753 2.4205110534544914 22
1665381207584 2.4088028928925915 23
1665381287724 2.360424406105472 24
1665381368438 2.3185869188308716 25
1665381450737 2.282232638822502 26
1665381531625 2.2476930589561004 27
1665381611711 2.2087174989133476 28
1665381692215 2.179779132207235 29
1665381773624 2.1457798322999335 30
1665381854855 2.120549549060653 31
1665381936931 2.0899764586644 32
1665382017274 2.076684192784371 33
1665382098096 2.0465040072318046 34
1665382179405 2.0335006388315713 35
1665382260387 2.017370079415869 36
1665382344029 2.010820542952143 37
1665382427839 1.9796089386940003 38
1665382513331 1.9785357314732768 39
1665382598272 1.924522758010895 40
1665382682266 1.8946280307080372 41
1665382766123 1.8924104554586143 42
1665382849198 1.8919982555879646 43
1665382931285 1.891488090576417 44
1665383013991 1.879197978590387 45
1665383097574 1.8809387205116241 46
1665383186254 1.885137600113589 47
1665383270426 1.8700131956608064 48
1665383358635 1.8687928736451185 49
1665383442762 1.8586156826752882 50
1665383527747 1.8557726668734704 51
1665383611657 1.8557812861170635 52
1665383692336 1.8505681236106228 53
1665383773657 1.8421299380949703 54
1665383855990 1.8396870750021264 55
1665383941644 1.8272998735129116 56
1665384025179 1.8154787662996346 57
1665384104136 1.8059907265935078 58
1665384147774 1.7985680017126613 59
1665384229991 1.7858490891245953 60
1665384315913 1.7801600780487061 61
1665384398589 1.7754656363682575 62
1665384480477 1.7654736233523571 63
1665384565393 1.7575457389316251 64
1665384646930 1.757424985208819 65
1665384729145 1.744283090195348 66
1665384811111 1.725016688146899 67
1665384893341 1.7250412914060778 68
1665384978943 1.720588059675309 69
1665385066639 1.7107184082269669 70
1665385150556 1.707383110341298 71
1665385234559 1.7007946302613102 72
1665385320904 1.6995700655678505 73
1665385402886 1.6982486054964876 74
1665385490290 1.6937653379094215 75
1665385577832 1.693934891118582 76
1665385664360 1.6907550254500057 77
1665385750303 1.6821980907256344 78
1665385831983 1.690994542452597 79
1665385912607 1.6935897536816136 80
1665385993261 1.6783029201530641 81
1665386073719 1.6883810369237777 82
1665386155073 1.6825090081816219 83
1665386235495 1.6809335224120971 84
1665386316427 1.676315067762352 85
1665386397453 1.6753698137390565 86
1665386479109 1.6780517206192016 87
1665386560451 1.6761550702244403 88
1665386639943 1.6707233069879324 89
1665386720415 1.6783738025286903 90
1665386801372 1.671288674877536 91
1665386881775 1.6763042942170174 92
1665386949798 1.6699965240493897 93
1665387006508 1.6641217541981892 94
1665387051384 1.6645830534548165 95
1665387130132 1.662073458054937 96
1665387211822 1.65769427847192 97
1665387291925 1.660091396795219 98
1665387373039 1.6543119328637277 99
1665387454610 1.6549362492176793 100
1665387540027 1.6557914095231328 101
1665387627586 1.6586248913118917 102
1665387716537 1.6568700262615759 103
1665387800570 1.6535353458696795 104
1665387882134 1.6477829461097717 105
1665387966889 1.651928553619538 106
1665388048230 1.6469932425931755 107
1665388129182 1.647932592644749 108
1665388216614 1.6470565906011436 109
1665388301726 1.649642585266021 110
1665388387772 1.64644216332841 111
1665388471379 1.6392610179267915 112
1665388551982 1.6347525239469536 113
1665388635803 1.636579698612613 114
1665388720636 1.6400330523329396 115
1665388807358 1.6350781164169312 116
1665388887236 1.6350101629892986 117
1665388970311 1.6387689032229076 118
1665389107646 1.6329486987676964 119
