1665379360360 7.546918100142575 0
1665379440706 3.3832959056379326 1
1665379519905 3.4823135783873407 2
1665379600791 3.885061329841614 3
1665379681443 4.130708775520325 4
1665379761860 4.341062713339626 5
1665379842035 4.4961871293283275 6
1665379921169 4.553333355534461 7
1665380001137 4.563448975163121 8
1665380081417 4.557914567570532 9
1665380161361 4.5480812095826675 10
1665380241173 4.530038076062357 11
1665380320905 4.569167129485962 12
1665380401168 4.48923368339079 13
1665380481488 4.507542803584332 14
1665380562036 4.3754178577637575 15
1665380642704 4.360493722210927 16
1665380721979 4.319167243428977 17
1665380802672 4.227847511988567 18
1665380883182 4.134877196277481 19
1665380963133 4.08070471306001 20
1665381044713 4.0345807758069805 21
1665381125753 3.9568003915971324 22
1665381207584 3.9643015284692087 23
1665381287724 3.9125974111018644 24
1665381368438 3.8481734313964844 25
1665381450737 3.784974077140471 26
1665381531625 3.7244056381853707 27
1665381611711 3.6812282307559707 28
1665381692215 3.626623276247078 29
1665381773624 3.606592971158315 30
1665381854855 3.5639639092257704 31
1665381936931 3.5528478727762 32
1665382017274 3.5078977288738376 33
1665382098096 3.501752455388346 34
1665382179405 3.5200684204637764 35
1665382260387 3.4649687110180833 36
1665382344029 3.4556830436829102 37
1665382427839 3.4290249471664427 38
1665382513331 3.404021868782659 39
1665382598272 3.4714671671390533 40
1665382682266 3.559772411024714 41
1665382766123 3.6035594241207383 42
1665382849198 3.6404654299877732 43
1665382931285 3.66970685016678 44
1665383013991 3.6969386612076356 45
1665383097574 3.723016765701723 46
1665383186254 3.7343627822447014 47
1665383270426 3.7378694799638565 48
1665383358635 3.7388508107498106 49
1665383442762 3.750450265552351 50
1665383527747 3.745259617605517 51
1665383611657 3.7555624576936286 52
1665383692336 3.7558453437314934 53
1665383773657 3.7426133414348923 54
1665383855990 3.7550942217968553 55
1665383941644 3.7330629433015265 56
1665384025179 3.719169527651316 57
1665384104136 3.7064375551828896 58
1665384147774 3.714383145412767 59
1665384229991 3.699709659599396 60
1665384315913 3.685808452606201 61
1665384398589 3.680264809045447 62
1665384480477 3.672621360265586 63
1665384565393 3.6704143977934316 64
1665384646930 3.6633489189609403 65
1665384729145 3.655325384870652 66
1665384811111 3.6321543109032417 67
1665384893341 3.6356888874884574 68
1665384978943 3.620441132014798 69
1665385066639 3.617641225937874 70
1665385150556 3.6304572365848893 71
1665385234559 3.6371683844600815 72
1665385320904 3.626563190931251 73
1665385402886 3.633247051161793 74
1665385490290 3.644207831351988 75
1665385577832 3.6443958885698433 76
1665385664360 3.6366243783728667 77
1665385750303 3.6489853897247926 78
1665385831983 3.6444267169121773 79
1665385912607 3.6436246316279135 80
1665385993261 3.6516621103209834 81
1665386073719 3.6353739817296304 82
1665386155073 3.6484746521256537 83
1665386235495 3.6449006953871392 84
1665386316427 3.64853234367677 85
1665386397453 3.6557888324002183 86
1665386479109 3.6473128147125244 87
1665386560451 3.656223476172451 88
1665386639943 3.649003345474058 89
1665386720415 3.6337504319333838 90
1665386801372 3.637942828478352 91
1665386881775 3.6390254574437297 92
1665386949798 3.652193542449705 93
1665387006508 3.660367228419905 94
1665387051384 3.649993956807148 95
1665387130132 3.6366775878461968 96
1665387211822 3.6477226569470633 97
1665387291925 3.6355151526899223 98
1665387373039 3.635049227745302 99
1665387454610 3.6309842803785877 100
1665387540027 3.6280402849955733 101
1665387627586 3.620726299862708 102
1665387716537 3.627979217998443 103
1665387800570 3.631191357489555 104
1665387882134 3.62685546875 105
1665387966889 3.629387125911483 106
1665388048230 3.6233883172153947 107
1665388129182 3.6305317419121064 108
1665388216614 3.6111541933802718 109
1665388301726 3.6094825450451142 110
1665388387772 3.6157772734097624 111
1665388471379 3.6192464982932395 112
1665388551982 3.6261683343404747 113
1665388635803 3.6142053930990157 114
1665388720636 3.610868724123124 115
1665388807358 3.6108088388442994 116
1665388887236 3.621912175871761 117
1665388970311 3.606270707754725 118
1665389107646 3.6148925603154196 119
