1665379360360 18.879411754837957 0
1665379440706 11.888294204650634 1
1665379519905 11.481461731784314 2
1665379600791 11.860105968475342 3
1665379681443 12.117813720703126 4
1665379761860 12.282856696102035 5
1665379842035 12.342489181026336 6
1665379921169 12.36091588389489 7
1665380001137 12.22979518675035 8
1665380081417 12.097166503629376 9
1665380161361 11.908775779508776 10
1665380241173 11.737534722974223 11
1665380320905 11.652603969037772 12
1665380401168 11.380183338640204 13
1665380481488 11.152000247235279 14
1665380562036 10.951780093242844 15
1665380642704 10.764262490483173 16
1665380721979 10.579248091303201 17
1665380802672 10.22461246582399 18
1665380883182 10.001378967101315 19
1665380963133 9.775955127131555 20
1665381044713 9.598982287991431 21
1665381125753 9.338947473033782 22
1665381207584 9.21390773404029 23
1665381287724 8.999596830337278 24
1665381368438 8.825835163116455 25
1665381450737 8.643747203321341 26
1665381531625 8.527110593864716 27
1665381611711 8.364532800084616 28
1665381692215 8.230823727496656 29
1665381773624 8.096863373216376 30
1665381854855 7.982395300424721 31
1665381936931 7.882479977894978 32
1665382017274 7.805980926559817 33
1665382098096 7.743350292405775 34
1665382179405 7.666536139675891 35
1665382260387 7.589342749262431 36
1665382344029 7.513758889163833 37
1665382427839 7.447490898132324 38
1665382513331 7.407284792392485 39
1665382598272 7.387898529729536 40
1665382682266 7.384282912595205 41
1665382766123 7.3751514542054935 42
1665382849198 7.358839979133453 43
1665382931285 7.353823499028462 44
1665383013991 7.350847529598987 45
1665383097574 7.353243869950015 46
1665383186254 7.339263280232747 47
1665383270426 7.324834777462867 48
1665383358635 7.311316397508629 49
1665383442762 7.293190222520095 50
1665383527747 7.276156598521817 51
1665383611657 7.260701997213095 52
1665383692336 7.241944625195729 53
1665383773657 7.22261204393992 54
1665383855990 7.202264268714261 55
1665383941644 7.180178902714128 56
1665384025179 7.154658436296455 57
1665384104136 7.124691122506996 58
1665384147774 7.105310380698208 59
1665384229991 7.068856333154272 60
1665384315913 7.050789638519287 61
1665384398589 7.040120982740778 62
1665384480477 7.019580747229028 63
1665384565393 6.993694090074109 64
1665384646930 6.984370202787461 65
1665384729145 6.962568902200268 66
1665384811111 6.9109108448028564 67
1665384893341 6.892091854926078 68
1665384978943 6.884684414632859 69
1665385066639 6.864855379827561 70
1665385150556 6.864413023952499 71
1665385234559 6.866128191890486 72
1665385320904 6.861103554003634 73
1665385402886 6.8607251924059165 74
1665385490290 6.859834976734653 75
1665385577832 6.858868011030327 76
1665385664360 6.852944747511163 77
1665385750303 6.84814100954906 78
1665385831983 6.844690978527069 79
1665385912607 6.841803925652658 80
1665385993261 6.843442303519095 81
1665386073719 6.840352704448085 82
1665386155073 6.83729434300618 83
1665386235495 6.83665274807727 84
1665386316427 6.832384691659705 85
1665386397453 6.824648431984775 86
1665386479109 6.819453729629517 87
1665386560451 6.819549811413011 88
1665386639943 6.813388629480895 89
1665386720415 6.80950556110274 90
1665386801372 6.806536605281215 91
1665386881775 6.801183910139145 92
1665386949798 6.800175691804578 93
1665387006508 6.799764748079231 94
1665387051384 6.7911651680268434 95
1665387130132 6.7895188465654615 96
1665387211822 6.784824911370335 97
1665387291925 6.776692250646262 98
1665387373039 6.776934940968791 99
1665387454610 6.768711351579236 100
1665387540027 6.766938142508388 101
1665387627586 6.762744701677753 102
1665387716537 6.757251435710538 103
1665387800570 6.755267064417562 104
1665387882134 6.75659661102295 105
1665387966889 6.753018415596591 106
1665388048230 6.744711902725649 107
1665388129182 6.741478944878023 108
1665388216614 6.73558973978801 109
1665388301726 6.731639748619449 110
1665388387772 6.73285543387718 111
1665388471379 6.72840256826115 112
1665388551982 6.725027858014087 113
1665388635803 6.721238349714587 114
1665388720636 6.718073218099533 115
1665388807358 6.7145589809417725 116
1665388887236 6.711773219357533 117
1665388970311 6.708983794752374 118
1665389107646 6.707249976544974 119
