1665379360360 0.00035 0
1665379440706 3.5000000000000004e-05 1
1665379519905 7.000000000000001e-05 2
1665379600791 0.00010499999999999999 3
1665379681443 0.00014000000000000001 4
1665379761860 0.000175 5
1665379842035 0.00020999999999999998 6
1665379921169 0.000245 7
1665380001137 0.00028000000000000003 8
1665380081417 0.000315 9
1665380161361 0.00035 10
1665380241173 0.00035 11
1665380320905 0.00035 12
1665380401168 0.00035 13
1665380481488 0.00035 14
1665380562036 0.00035 15
1665380642704 0.00035 16
1665380721979 0.00035 17
1665380802672 0.00035 18
1665380883182 0.00035 19
1665380963133 0.00035 20
1665381044713 0.00035 21
1665381125753 0.00035 22
1665381207584 0.00035 23
1665381287724 0.00035 24
1665381368438 0.00035 25
1665381450737 0.00035 26
1665381531625 0.00035 27
1665381611711 0.00035 28
1665381692215 0.00035 29
1665381773624 0.00035 30
1665381854855 0.00035 31
1665381936931 0.00035 32
1665382017274 0.00035 33
1665382098096 0.00035 34
1665382179405 0.00035 35
1665382260387 0.00035 36
1665382344029 0.00035 37
1665382427839 0.00035 38
1665382513331 0.00035 39
1665382598272 3.5000000000000004e-05 40
1665382682266 3.5000000000000004e-05 41
1665382766123 3.5000000000000004e-05 42
1665382849198 3.5000000000000004e-05 43
1665382931285 3.5000000000000004e-05 44
1665383013991 3.5000000000000004e-05 45
1665383097574 3.5000000000000004e-05 46
1665383186254 3.5000000000000004e-05 47
1665383270426 3.5000000000000004e-05 48
1665383358635 3.5000000000000004e-05 49
1665383442762 3.5000000000000004e-05 50
1665383527747 3.5000000000000004e-05 51
1665383611657 3.5000000000000004e-05 52
1665383692336 3.5000000000000004e-05 53
1665383773657 3.5000000000000004e-05 54
1665383855990 3.5000000000000004e-05 55
1665383941644 3.5000000000000004e-05 56
1665384025179 3.5000000000000004e-05 57
1665384104136 3.5000000000000004e-05 58
1665384147774 3.5000000000000004e-05 59
1665384229991 3.5000000000000004e-05 60
1665384315913 3.5000000000000004e-05 61
1665384398589 3.5000000000000004e-05 62
1665384480477 3.5000000000000004e-05 63
1665384565393 3.5000000000000004e-05 64
1665384646930 3.5000000000000004e-05 65
1665384729145 3.5000000000000004e-05 66
1665384811111 3.5000000000000004e-05 67
1665384893341 3.5000000000000004e-05 68
1665384978943 3.5000000000000004e-05 69
1665385066639 3.5000000000000004e-06 70
1665385150556 3.5000000000000004e-06 71
1665385234559 3.5000000000000004e-06 72
1665385320904 3.5000000000000004e-06 73
1665385402886 3.5000000000000004e-06 74
1665385490290 3.5000000000000004e-06 75
1665385577832 3.5000000000000004e-06 76
1665385664360 3.5000000000000004e-06 77
1665385750303 3.5000000000000004e-06 78
1665385831983 3.5000000000000004e-06 79
1665385912607 3.5000000000000004e-06 80
1665385993261 3.5000000000000004e-06 81
1665386073719 3.5000000000000004e-06 82
1665386155073 3.5000000000000004e-06 83
1665386235495 3.5000000000000004e-06 84
1665386316427 3.5000000000000004e-06 85
1665386397453 3.5000000000000004e-06 86
1665386479109 3.5000000000000004e-06 87
1665386560451 3.5000000000000004e-06 88
1665386639943 3.5000000000000004e-06 89
1665386720415 3.5000000000000004e-06 90
1665386801372 3.5000000000000004e-06 91
1665386881775 3.5000000000000004e-06 92
1665386949798 3.5000000000000004e-06 93
1665387006508 3.5000000000000004e-06 94
1665387051384 3.5000000000000004e-06 95
1665387130132 3.5000000000000004e-06 96
1665387211822 3.5000000000000004e-06 97
1665387291925 3.5000000000000004e-06 98
1665387373039 3.5000000000000004e-06 99
1665387454610 3.5000000000000004e-06 100
1665387540027 3.5000000000000004e-06 101
1665387627586 3.5000000000000004e-06 102
1665387716537 3.5000000000000004e-06 103
1665387800570 3.5000000000000004e-06 104
1665387882134 3.5000000000000004e-06 105
1665387966889 3.5000000000000004e-06 106
1665388048230 3.5000000000000004e-06 107
1665388129182 3.5000000000000004e-06 108
1665388216614 3.5000000000000004e-06 109
1665388301726 3.5000000000000004e-06 110
1665388387772 3.5000000000000004e-06 111
1665388471379 3.5000000000000004e-06 112
1665388551982 3.5000000000000004e-06 113
1665388635803 3.5000000000000004e-06 114
1665388720636 3.5000000000000004e-06 115
1665388807358 3.5000000000000004e-06 116
1665388887236 3.5000000000000004e-06 117
1665388970311 3.5000000000000004e-06 118
1665389107646 3.5000000000000004e-06 119
