1665379360360 0.8937644268494533 0
1665379440706 0.36355028136906375 1
1665379519905 0.18513534276794838 2
1665379600791 0.10138417017553002 3
1665379681443 0.05880134295858443 4
1665379761860 0.036049404568656025 5
1665379842035 0.02347212038078015 6
1665379921169 0.01611493191599185 7
1665380001137 0.011784907511150043 8
1665380081417 0.009229013523567588 9
1665380161361 0.007485250003575798 10
1665380241173 0.006404402866704209 11
1665380320905 0.005775215823285611 12
1665380401168 0.005265792182844925 13
1665380481488 0.004997348788766617 14
1665380562036 0.004637612003728329 15
1665380642704 0.004497873108744262 16
1665380721979 0.004309379980977939 17
1665380802672 0.0041476305832256035 18
1665380883182 0.004002617500969265 19
1665380963133 0.003970032732468098 20
1665381044713 0.0037860597020030144 21
1665381125753 0.0036458622780628502 22
1665381207584 0.0035675238515625917 23
1665381287724 0.003456856134430235 24
1665381368438 0.003357348372228444 25
1665381450737 0.0032407829302351877 26
1665381531625 0.0031079205695584596 27
1665381611711 0.0030023533108468397 28
1665381692215 0.002941837621269276 29
1665381773624 0.0028348304798834056 30
1665381854855 0.002748799276534453 31
1665381936931 0.002659757683300469 32
1665382017274 0.0026011401627798595 33
1665382098096 0.0025268313794156476 34
1665382179405 0.0024589207995847524 35
1665382260387 0.002428398598509141 36
1665382344029 0.0024011323591282808 37
1665382427839 0.002325854134745896 38
1665382513331 0.0023115861268090685 39
1665382598272 0.0020169366419600745 40
1665382682266 0.0017936967895833783 41
1665382766123 0.0017426662660394627 42
1665382849198 0.0017102870273863874 43
1665382931285 0.0017049929059772607 44
1665383013991 0.0016875228681882102 45
1665383097574 0.0016727429402274001 46
1665383186254 0.001691976327441603 47
1665383270426 0.001649323662164651 48
1665383358635 0.001650916995020651 49
1665383442762 0.00163840261468973 50
1665383527747 0.0016407886029018329 51
1665383611657 0.001631954335140057 52
1665383692336 0.0016349138557372324 53
1665383773657 0.0016336018662809967 54
1665383855990 0.001624156551689927 55
1665383941644 0.0016138856355325285 56
1665384025179 0.0015932087876261718 57
1665384104136 0.001580799786733037 58
1665384147774 0.0015673060811697 59
1665384229991 0.0015434884259581984 60
1665384315913 0.0015351062323898078 61
1665384398589 0.0015402992338271265 62
1665384480477 0.0015254261521024097 63
1665384565393 0.0015065644214290283 64
1665384646930 0.0015038236113820945 65
1665384729145 0.0014870482066931623 66
1665384811111 0.001469779767156128 67
1665384893341 0.0014652121946358333 68
1665384978943 0.001455587384219642 69
1665385066639 0.0014218669403494606 70
1665385150556 0.0013982137823178168 71
1665385234559 0.0013830550117829598 72
1665385320904 0.0013765890697047477 73
1665385402886 0.0013760466893064046 74
1665385490290 0.0013745173548100397 75
1665385577832 0.0013664445763147141 76
1665385664360 0.0013684768792630799 77
1665385750303 0.0013548411297084517 78
1665385831983 0.0013628559475276439 79
1665385912607 0.0013629853483214374 80
1665385993261 0.0013466312013934517 81
1665386073719 0.0013651015042635281 82
1665386155073 0.0013554960149845265 83
1665386235495 0.0013516052611112356 84
1665386316427 0.0013474108371696618 85
1665386397453 0.0013423462484376018 86
1665386479109 0.0013472790708765389 87
1665386560451 0.0013419456703281667 88
1665386639943 0.001333102599438657 89
1665386720415 0.0013455102066528277 90
1665386801372 0.0013454904213675387 91
1665386881775 0.001339959188631075 92
1665386949798 0.001333767619085378 93
1665387006508 0.0013267653134004418 94
1665387051384 0.001328293538005297 95
1665387130132 0.0013306374735494394 96
1665387211822 0.0013175102350036483 97
1665387291925 0.0013294993459348039 98
1665387373039 0.0013143416750432562 99
1665387454610 0.0013204494720294832 100
1665387540027 0.0013212781580890637 101
1665387627586 0.0013245008895248775 102
1665387716537 0.0013149321288613964 103
1665387800570 0.0013160002995244858 104
1665387882134 0.0013113575745373964 105
1665387966889 0.0013089966927524131 106
1665388048230 0.001306987559725811 107
1665388129182 0.0013040354396833714 108
1665388216614 0.0013071174614587761 109
1665388301726 0.0013073773776751854 110
1665388387772 0.001304563735837969 111
1665388471379 0.001296409357222257 112
1665388551982 0.0012896702335923012 113
1665388635803 0.0012936936099938448 114
1665388720636 0.001299233153282154 115
1665388807358 0.0012910724082030355 116
1665388887236 0.0012881124965345345 117
1665388970311 0.0012906137587367949 118
1665389107646 0.0012858867145940122 119
