1665379360360 1.5772581241695756 0
1665379440706 0.6196477329395861 1
1665379519905 0.41900509111134404 2
1665379600791 0.3018462729752064 3
1665379681443 0.2485397968441248 4
1665379761860 0.21126426240227308 5
1665379842035 0.18863146001052472 6
1665379921169 0.1752496057550513 7
1665380001137 0.17326067358015046 8
1665380081417 0.17284892017262116 9
1665380161361 0.15953621543162771 10
1665380241173 0.14753648628210347 11
1665380320905 0.1273679359550457 12
1665380401168 0.12405674291183671 13
1665380481488 0.12157476500394833 14
1665380562036 0.1263273817797502 15
1665380642704 0.1213434375672934 16
1665380721979 0.1149050419529279 17
1665380802672 0.11461628526149983 18
1665380883182 0.11494591733418315 19
1665380963133 0.1274509827696508 20
1665381044713 0.1193853291052003 21
1665381125753 0.11496420607211129 22
1665381207584 0.11211800537703018 23
1665381287724 0.11238317807475405 24
1665381368438 0.11442251354455948 25
1665381450737 0.11254216440351134 26
1665381531625 0.11786132703823259 27
1665381611711 0.11425736102174563 28
1665381692215 0.12328301269905155 29
1665381773624 0.1116826396031552 30
1665381854855 0.11532275953206671 31
1665381936931 0.10762040260206743 32
1665382017274 0.11174360634158215 33
1665382098096 0.10782666896439848 34
1665382179405 0.09859075398749137 35
1665382260387 0.10628614371201121 36
1665382344029 0.10251964877049129 37
1665382427839 0.10316944244503976 38
1665382513331 0.10914137441244337 39
1665382598272 0.0682405095337139 40
1665382682266 0.042400149172209356 41
1665382766123 0.037556302894550156 42
1665382849198 0.03386501946961545 43
1665382931285 0.03018210392939039 44
1665383013991 0.028500624060870176 45
1665383097574 0.025531723122879206 46
1665383186254 0.02539476138879975 47
1665383270426 0.02272930054835254 48
1665383358635 0.0204269606997127 49
1665383442762 0.02077028960713491 50
1665383527747 0.019523761715860136 51
1665383611657 0.01696031796465437 52
1665383692336 0.01827377582111033 53
1665383773657 0.017047892956728917 54
1665383855990 0.01696161647517997 55
1665383941644 0.018629113593733454 56
1665384025179 0.017216755982383668 57
1665384104136 0.01636978331579262 58
1665384147774 0.015431526075884041 59
1665384229991 0.014165583294797614 60
1665384315913 0.013395845621824264 61
1665384398589 0.014731601523946088 62
1665384480477 0.012825514193639219 63
1665384565393 0.013177925375320258 64
1665384646930 0.014423275396468179 65
1665384729145 0.013726286755333985 66
1665384811111 0.013792241097337777 67
1665384893341 0.01278054277082124 68
1665384978943 0.01312091372786991 69
1665385066639 0.011691400405740546 70
1665385150556 0.01129858322950252 71
1665385234559 0.009919550524179236 72
1665385320904 0.010359152880033501 73
1665385402886 0.009875157237173575 74
1665385490290 0.01040000728361549 75
1665385577832 0.010777204293742716 76
1665385664360 0.011544922748243952 77
1665385750303 0.007724080533986111 78
1665385831983 0.010594666214479555 79
1665385912607 0.009331996522603496 80
1665385993261 0.008074185465492548 81
1665386073719 0.009927569077380242 82
1665386155073 0.010081777266828889 83
1665386235495 0.009617773883314017 84
1665386316427 0.009286979026344407 85
1665386397453 0.0073600459739146945 86
1665386479109 0.007667931988835335 87
1665386560451 0.008440762638566962 88
1665386639943 0.008192861460239781 89
1665386720415 0.009961985941478598 90
1665386801372 0.009676073227197893 91
1665386881775 0.009208390128708655 92
1665386949798 0.007399913314129075 93
1665387006508 0.008858684166128856 94
1665387051384 0.008018201074925771 95
1665387130132 0.009763158079850147 96
1665387211822 0.0075732536883239285 97
1665387291925 0.007441184330118229 98
1665387373039 0.006640569532230016 99
1665387454610 0.007227641365100299 100
1665387540027 0.007820607787633995 101
1665387627586 0.009062330280768595 102
1665387716537 0.007830161060537062 103
1665387800570 0.007095060694301801 104
1665387882134 0.008105312392115593 105
1665387966889 0.007096324819158837 106
1665388048230 0.007249635879892901 107
1665388129182 0.006844642149456534 108
1665388216614 0.00932637006642828 109
1665388301726 0.008200209407556442 110
1665388387772 0.006957130906311606 111
1665388471379 0.0076050171967942705 112
1665388551982 0.005883233718963033 113
1665388635803 0.006456677576587085 114
1665388720636 0.00720432139332256 115
1665388807358 0.0076365495026111604 116
1665388887236 0.0064060075515245335 117
1665388970311 0.00876885809632669 118
1665389107646 0.006942558854100216 119
