1665379360360 6.316809527845268 0
1665379440706 5.11481841883985 1
1665379519905 3.5674206559437827 2
1665379600791 2.461365083217621 3
1665379681443 1.9197114577293397 4
1665379761860 1.6875762599539086 5
1665379842035 1.583178875907775 6
1665379921169 1.5538287465610812 7
1665380001137 1.5219521315828446 8
1665380081417 1.519815519452095 9
1665380161361 1.4763695895671844 10
1665380241173 1.4471869468688965 11
1665380320905 1.4044843208358948 12
1665380401168 1.4013444501233387 13
1665380481488 1.3780659729218387 14
1665380562036 1.380850851296421 15
1665380642704 1.369648685417022 16
1665380721979 1.3526610255720146 17
1665380802672 1.3487858748340225 18
1665380883182 1.3426764356084617 19
1665380963133 1.3580643587535428 20
1665381044713 1.3362814611004246 21
1665381125753 1.333520070679726 22
1665381207584 1.3296283488312075 23
1665381287724 1.3208945600255844 24
1665381368438 1.3171227774620056 25
1665381450737 1.305328581227835 26
1665381531625 1.308982611660019 27
1665381611711 1.2987539064453308 28
1665381692215 1.312579560471347 29
1665381773624 1.29656690335178 30
1665381854855 1.2843113898273453 31
1665381936931 1.280072724962809 32
1665382017274 1.2832847650974029 33
1665382098096 1.2700958415385215 34
1665382179405 1.2594714188671494 35
1665382260387 1.269077672537072 36
1665382344029 1.2625730277065292 37
1665382427839 1.2545491795539856 38
1665382513331 1.260099548966654 39
1665382598272 1.2104288935661316 40
1665382682266 1.1500284485070102 41
1665382766123 1.1373340882450702 42
1665382849198 1.1290017845161469 43
1665382931285 1.1210438262027909 44
1665383013991 1.1166360287302468 45
1665383097574 1.1101303521887844 46
1665383186254 1.1079250698587502 47
1665383270426 1.1042025699730842 48
1665383358635 1.101108902861715 49
1665383442762 1.1007302637524934 50
1665383527747 1.0985883161906274 51
1665383611657 1.0956334646447117 52
1665383692336 1.0955622076509468 53
1665383773657 1.0928288229019287 54
1665383855990 1.0925030042847477 55
1665383941644 1.0929977482102482 56
1665384025179 1.0905992324093738 57
1665384104136 1.0873724624335048 58
1665384147774 1.0868075425366321 59
1665384229991 1.085199055901493 60
1665384315913 1.084690170288086 61
1665384398589 1.0851857882426925 62
1665384480477 1.0826362998610042 63
1665384565393 1.0822753613033602 64
1665384646930 1.0819466527431243 65
1665384729145 1.0801521602176851 66
1665384811111 1.080684490742222 67
1665384893341 1.0767353253979837 68
1665384978943 1.0789880872734132 69
1665385066639 1.0753705044907909 70
1665385150556 1.073089634079531 71
1665385234559 1.0690873186272312 72
1665385320904 1.0679350623235047 73
1665385402886 1.0676005345124464 74
1665385490290 1.066655709378181 75
1665385577832 1.0667773853822884 76
1665385664360 1.0660156949935669 77
1665385750303 1.0636425042248154 78
1665385831983 1.0657315984849007 79
1665385912607 1.066115043817028 80
1665385993261 1.0633208891076427 81
1665386073719 1.064630046006172 82
1665386155073 1.0644035190942298 83
1665386235495 1.0653565054437721 84
1665386316427 1.0610641691100646 85
1665386397453 1.0611341234191833 86
1665386479109 1.0627594790458679 87
1665386560451 1.0617471306199529 88
1665386639943 1.0611141398850723 89
1665386720415 1.0642277774540518 90
1665386801372 1.0613498211868349 91
1665386881775 1.0626970111362395 92
1665386949798 1.062067457745152 93
1665387006508 1.0615492048991253 94
1665387051384 1.0612236768845096 95
1665387130132 1.0613650782520034 96
1665387211822 1.060396192064247 97
1665387291925 1.0626363500533813 98
1665387373039 1.059667686300893 99
1665387454610 1.0609247472978407 100
1665387540027 1.060694333061157 101
1665387627586 1.0614270462143807 102
1665387716537 1.060262507007968 103
1665387800570 1.0587821511491653 104
1665387882134 1.0596641006469727 105
1665387966889 1.058693490353933 106
1665388048230 1.0572938382864956 107
1665388129182 1.0593492908171382 108
1665388216614 1.059240374220423 109
1665388301726 1.059404025154729 110
1665388387772 1.0592467644919268 111
1665388471379 1.057399171084045 112
1665388551982 1.0564035474057178 113
1665388635803 1.0567877681985978 114
1665388720636 1.0589224556761403 115
1665388807358 1.0584455375671387 116
1665388887236 1.0576399349304566 117
1665388970311 1.058124591069049 118
1665389107646 1.0561097577872525 119
