1665403074594 1.197354492533159 0
1665403116824 0.2639111805123737 1
1665403158995 0.127634161679321 2
1665403201535 0.08048304998129606 3
1665403243983 0.05915714157372713 4
1665403286226 0.04646730142454785 5
1665403328336 0.03895356505358171 6
1665403370691 0.03578376604784881 7
1665403412753 0.033392399324164275 8
1665403455415 0.032316025121197585 9
1665403497462 0.030749605923530557 10
1665403539498 0.024378440913654143 11
1665403582073 0.02377162022463768 12
1665403624281 0.02095724378215022 13
1665403666703 0.018481889021504355 14
1665403709249 0.018579002237882482 15
1665403751866 0.018455944835660928 16
1665403794022 0.019929551665323328 17
1665403836567 0.019957373090776574 18
1665403878936 0.019366007762022287 19
1665403921011 0.019593221180501483 20
1665403963416 0.017292917728604328 21
1665404005399 0.016840478405356407 22
1665404047882 0.01643937129917885 23
1665404090065 0.015408521638281884 24
1665404132676 0.018810144122689963 25
1665404175299 0.01964398558030885 26
1665404217589 0.017856150304517114 27
1665404259807 0.01748203936156379 28
1665404302373 0.017524016213165707 29
1665404344685 0.01737556419892603 30
1665404386941 0.018475712748266846 31
1665404429554 0.015112921371158347 32
1665404471729 0.017684417089537507 33
1665404513880 0.014853693357098007 34
1665404556316 0.01647560623844704 35
1665404598882 0.013093355093076527 36
1665404641095 0.015569285489618778 37
1665404683593 0.014503567930310964 38
1665404726216 0.017763506234323066 39
1665404768177 0.008653626315325739 40
1665404811005 0.0054507185349682245 41
1665404853305 0.004971692375988367 42
1665404895690 0.004436499386816379 43
1665404938216 0.0038900181359375814 44
1665404980429 0.0036021618127643346 45
1665405022949 0.0027993056272347288 46
1665405065553 0.0033087477080494046 47
1665405107754 0.002776501505004783 48
1665405150116 0.002323493568852604 49
1665405191990 0.002155648989354068 50
1665405234474 0.0022910202613040326 51
1665405277092 0.0017323489431815453 52
1665405319301 0.0019765261366185413 53
1665405362108 0.0016036756770558146 54
1665405404195 0.0021363084529896817 55
1665405446849 0.0013837619127339148 56
1665405489143 0.002102194742924238 57
1665405531794 0.0018687254588407684 58
1665405574470 0.0017108458307493165 59
1665405616874 0.0013411827273218028 60
1665405659704 0.0013070537522435189 61
1665405702269 0.0013341377470567524 62
1665405744290 0.0013941901335754547 63
1665405786718 0.0014576681048399018 64
1665405828879 0.0012907133617949102 65
1665405871327 0.001397993911298052 66
1665405913694 0.0013342853823316194 67
1665405955930 0.001556373670727255 68
1665405998361 0.0013189699703587158 69
1665406040627 0.0009589987776933178 70
1665406083194 0.0013530500771769558 71
1665406125382 0.0008355706077383226 72
1665406167820 0.0010529568999523094 73
1665406209658 0.0007875072072271393 74
1665406252031 0.0007635656135877775 75
1665406294698 0.0013344063577041157 76
1665406336942 0.0013044702756895598 77
1665406379275 0.0010412439337396718 78
1665406421783 0.001368309352396717 79
1665406463922 0.0012022257226729585 80
1665406506580 0.0008381459478949828 81
1665406548603 0.0009568821969291856 82
1665406591181 0.0007717852596657343 83
1665406633758 0.0009930661307221435 84
1665406675993 0.0011255084667878457 85
1665406718377 0.0008035187261650361 86
1665406761208 0.00101736631244421 87
1665406803671 0.0006912302106140129 88
1665406845981 0.0006424978767570696 89
1665406887834 0.0010085920558163995 90
1665406930209 0.0010292649629615968 91
1665406972688 0.0006971001519911713 92
1665407014743 0.0008024652450976353 93
1665407057281 0.0005634232091317216 94
1665407099871 0.0006714644449123418 95
1665407142096 0.0010647819859974355 96
1665407184842 0.0007137457043471107 97
1665407227123 0.0009498325621626942 98
1665407269531 0.0008948623473125119 99
1665407311652 0.0008944554644967279 100
1665407354230 0.00038623026231805003 101
1665407396606 0.0010002267757250416 102
1665407438903 0.00073463493026793 103
1665407480984 0.0009128839198139406 104
1665407523883 0.0008196915686130524 105
1665407566303 0.0009066151477486254 106
1665407608554 0.0005873857948734578 107
1665407651325 0.000646052096622536 108
1665407693745 0.000666905486260552 109
1665407735985 0.000722277233557355 110
1665407778133 0.0005319678688399223 111
1665407820093 0.0009524743694827142 112
1665407862648 0.0006708828807176357 113
1665407904876 0.0005698653854309551 114
1665407946925 0.0006247649585167246 115
1665407989500 0.0006426001712679863 116
1665408032122 0.0004956731834564822 117
1665408074723 0.0010133282240315613 118
1665408169160 0.0007007857036578607 119
