1665403074594 7.606696213105597 0
1665403116824 2.5388866428390564 1
1665403158995 2.3705751646953415 2
1665403201535 2.5192510261535643 3
1665403243983 2.7032600317001343 4
1665403286226 2.797616462630919 5
1665403328336 2.8461441138098316 6
1665403370691 2.910852251514312 7
1665403412753 2.9096298035114043 8
1665403455415 2.890427213522696 9
1665403497462 2.880157999454006 10
1665403539498 2.832656785365074 11
1665403582073 2.823778773886133 12
1665403624281 2.790472123517569 13
1665403666703 2.740107200231897 14
1665403709249 2.6958221575342507 15
1665403751866 2.681083480038317 16
1665403794022 2.619466669588204 17
1665403836567 2.583284726583335 18
1665403878936 2.5472017445238717 19
1665403921011 2.5232615336295097 20
1665403963416 2.4591497817347125 21
1665404005399 2.4238358005400626 22
1665404047882 2.3743497469732837 23
1665404090065 2.3404476411880983 24
1665404132676 2.275120659828186 25
1665404175299 2.2400984697073816 26
1665404217589 2.2170996560629113 27
1665404259807 2.209477456219225 28
1665404302373 2.1557703702804076 29
1665404344685 2.1277495881161057 30
1665404386941 2.101577969440016 31
1665404429554 2.0769682251305945 32
1665404471729 2.060551890923131 33
1665404513880 2.0333761236359997 34
1665404556316 2.0164594391742385 35
1665404598882 1.9919845397213856 36
1665404641095 1.989537181624447 37
1665404683593 1.9817618651390077 38
1665404726216 1.9721129296287414 39
1665404768177 1.9091092564405934 40
1665404811005 1.8965123896617966 41
1665404853305 1.8880652232342456 42
1665404895690 1.8927121679466892 43
1665404938216 1.8919445328923115 44
1665404980429 1.8872619460385487 45
1665405022949 1.8789397008926514 46
1665405065553 1.873652823000069 47
1665405107754 1.868983509559785 48
1665405150116 1.8663967929870977 49
1665405191990 1.8618673617057955 50
1665405234474 1.8514813588511558 51
1665405277092 1.8477180095082786 52
1665405319301 1.8493093213881833 53
1665405362108 1.835082356230801 54
1665405404195 1.8342883256544549 55
1665405446849 1.8297213579277436 56
1665405489143 1.829716062928778 57
1665405531794 1.8099012561591274 58
1665405574470 1.806770089160965 59
1665405616874 1.7991598260450554 60
1665405659704 1.7947380032539368 61
1665405702269 1.7911929102786575 62
1665405744290 1.7835201484611236 63
1665405786718 1.7744245490720194 64
1665405828879 1.7622037198274367 65
1665405871327 1.7529886701414663 66
1665405913694 1.7500141609099604 67
1665405955930 1.7305178536522774 68
1665405998361 1.7265860779631523 69
1665406040627 1.7148532800136074 70
1665406083194 1.7138604059755562 71
1665406125382 1.71559995628265 72
1665406167820 1.713350428743401 73
1665406209658 1.7149618024285507 74
1665406252031 1.7092519234265051 75
1665406294698 1.7067407340888519 76
1665406336942 1.6976125685565442 77
1665406379275 1.700236893083197 78
1665406421783 1.7035767830187274 79
1665406463922 1.6999126821756363 80
1665406506580 1.7009965008304966 81
1665406548603 1.6937848291089457 82
1665406591181 1.693196679693628 83
1665406633758 1.6947013613689377 84
1665406675993 1.6904511758122578 85
1665406718377 1.6879982981815875 86
1665406761208 1.6859115586280822 87
1665406803671 1.6870771498086463 88
1665406845981 1.680941890608444 89
1665406887834 1.685473277983878 90
1665406930209 1.6844428277784778 91
1665406972688 1.681205949956371 92
1665407014743 1.681033716567101 93
1665407057281 1.6709196601048053 94
1665407099871 1.6767857500826977 95
1665407142096 1.6731204862096702 96
1665407184842 1.673984740632605 97
1665407227123 1.6659559538086735 98
1665407269531 1.6738992280537082 99
1665407311652 1.6753296929021035 100
1665407354230 1.665010751490612 101
1665407396606 1.6659880511222347 102
1665407438903 1.6593323316304915 103
1665407480984 1.6647258497053576 104
1665407523883 1.6670090188980102 105
1665407566303 1.6610112008320759 106
1665407608554 1.6636415274746448 107
1665407651325 1.6578819962390456 108
1665407693745 1.6628404386551026 109
1665407735985 1.6582500482759168 110
1665407778133 1.6493081013683366 111
1665407820093 1.649792303440542 112
1665407862648 1.6487638423720516 113
1665407904876 1.6509671336220157 114
1665407946925 1.6510473263840522 115
1665407989500 1.6502989230155944 116
1665408032122 1.6452549255516635 117
1665408074723 1.6439619691496394 118
1665408169160 1.6412563280886914 119
