1665403074594 7.065487999513925 0
1665403116824 3.0478437779897667 1
1665403158995 3.2576133094159476 2
1665403201535 3.6605436820983885 3
1665403243983 4.001474780082702 4
1665403286226 4.190199227696921 5
1665403328336 4.301426804834796 6
1665403370691 4.4160214268392135 7
1665403412753 4.4181574611894545 8
1665403455415 4.424274035999852 9
1665403497462 4.434790845840208 10
1665403539498 4.425972965455824 11
1665403582073 4.4240667130573685 12
1665403624281 4.426616235909213 13
1665403666703 4.393344835105191 14
1665403709249 4.315599870490262 15
1665403751866 4.305603401727945 16
1665403794022 4.205165298109552 17
1665403836567 4.147176026340469 18
1665403878936 4.113070393183145 19
1665403921011 4.064144567135842 20
1665403963416 4.02493818633018 21
1665404005399 3.9654292771893163 22
1665404047882 3.9244343071214614 23
1665404090065 3.8907503197270055 24
1665404132676 3.7628913383483886 25
1665404175299 3.716184586406233 26
1665404217589 3.6978755140879067 27
1665404259807 3.687956940218148 28
1665404302373 3.62745627341979 29
1665404344685 3.6001015303125343 30
1665404386941 3.5370338968483797 31
1665404429554 3.529481775789376 32
1665404471729 3.4804630712155373 33
1665404513880 3.4928652913339677 34
1665404556316 3.4368539335258514 35
1665404598882 3.460398110041178 36
1665404641095 3.4119919026233108 37
1665404683593 3.4310312271118164 38
1665404726216 3.3797203206246897 39
1665404768177 3.4731388688087463 40
1665404811005 3.5496311685646393 41
1665404853305 3.5979133743837655 42
1665404895690 3.630279305469559 43
1665404938216 3.6547135904610877 44
1665404980429 3.6840818493241767 45
1665405022949 3.716784485851426 46
1665405065553 3.717926123056067 47
1665405107754 3.735869913331924 48
1665405150116 3.723976745296586 49
1665405191990 3.7325418854531973 50
1665405234474 3.7374524983667556 51
1665405277092 3.748993522192101 52
1665405319301 3.7417579750459358 53
1665405362108 3.7418503071888383 54
1665405404195 3.737272274063294 55
1665405446849 3.7307294353423828 56
1665405489143 3.7167681718925873 57
1665405531794 3.7155220441550134 58
1665405574470 3.7243266249277505 59
1665405616874 3.719876464590969 60
1665405659704 3.706412049293518 61
1665405702269 3.700927659689662 62
1665405744290 3.6966081182640718 63
1665405786718 3.6868960511299873 64
1665405828879 3.6823817818395552 65
1665405871327 3.663151963103202 66
1665405913694 3.649046678696909 67
1665405955930 3.641513446646352 68
1665405998361 3.6360035961674106 69
1665406040627 3.641872215655542 70
1665406083194 3.6466491538358023 71
1665406125382 3.6484399694036767 72
1665406167820 3.6429517635932336 73
1665406209658 3.643321867413849 74
1665406252031 3.645960215599306 75
1665406294698 3.6569393743951637 76
1665406336942 3.650367842141883 77
1665406379275 3.6650455668269393 78
1665406421783 3.6636267400556997 79
1665406463922 3.6592412898617406 80
1665406506580 3.6548410231067288 81
1665406548603 3.6560057353588844 82
1665406591181 3.6642916690872376 83
1665406633758 3.648467983107969 84
1665406675993 3.6515139202516242 85
1665406718377 3.6570890294500145 86
1665406761208 3.652205039024353 87
1665406803671 3.6621198883975845 88
1665406845981 3.6618626252842335 89
1665406887834 3.650974771754462 90
1665406930209 3.6414571865912406 91
1665406972688 3.652210925855944 92
1665407014743 3.6534401678269908 93
1665407057281 3.6644732099939064 94
1665407099871 3.6561327526368292 95
1665407142096 3.6414514851857382 96
1665407184842 3.652639082636699 97
1665407227123 3.6433533185935882 98
1665407269531 3.6459141854316957 99
1665407311652 3.641355557787803 100
1665407354230 3.650259273597993 101
1665407396606 3.642534906825712 102
1665407438903 3.6459807686267363 103
1665407480984 3.6364857294867114 104
1665407523883 3.631594497680664 105
1665407566303 3.6416378892569177 106
1665407608554 3.6325988549305253 107
1665407651325 3.643487146101802 108
1665407693745 3.6370726598793244 109
1665407735985 3.6306295241079023 110
1665407778133 3.6344093571790315 111
1665407820093 3.626340012801321 112
1665407862648 3.6409358087792456 113
1665407904876 3.622946096043433 114
1665407946925 3.630933129018353 115
1665407989500 3.6288515720367434 116
1665408032122 3.635521369765561 117
1665408074723 3.616740750500476 118
1665408169160 3.6292995535226233 119
