1665403074594 9.932256698608398 0
1665403116824 6.341383457183838 1
1665403158995 4.309889793395996 2
1665403201535 2.968207597732544 3
1665403243983 2.3045802116394043 4
1665403286226 1.9939171075820923 5
1665403328336 1.8552101850509644 6
1665403370691 1.7853542566299438 7
1665403412753 1.748282790184021 8
1665403455415 1.7227672338485718 9
1665403497462 1.6800005435943604 10
1665403539498 1.6125553846359253 11
1665403582073 1.5906031131744385 12
1665403624281 1.5496608018875122 13
1665403666703 1.5166915655136108 14
1665403709249 1.5158460140228271 15
1665403751866 1.5023102760314941 16
1665403794022 1.508184790611267 17
1665403836567 1.5136884450912476 18
1665403878936 1.4938210248947144 19
1665403921011 1.4959967136383057 20
1665403963416 1.4678140878677368 21
1665404005399 1.463441252708435 22
1665404047882 1.4478036165237427 23
1665404090065 1.431976318359375 24
1665404132676 1.459661841392517 25
1665404175299 1.4577934741973877 26
1665404217589 1.4385603666305542 27
1665404259807 1.4392434358596802 28
1665404302373 1.4249022006988525 29
1665404344685 1.422659158706665 30
1665404386941 1.4269875288009644 31
1665404429554 1.3972269296646118 32
1665404471729 1.4167286157608032 33
1665404513880 1.3823131322860718 34
1665404556316 1.4014918804168701 35
1665404598882 1.3666104078292847 36
1665404641095 1.392754077911377 37
1665404683593 1.3814551830291748 38
1665404726216 1.4009488821029663 39
1665404768177 1.286454200744629 40
1665404811005 1.2091248035430908 41
1665404853305 1.1831971406936646 42
1665404895690 1.170791745185852 43
1665404938216 1.1632577180862427 44
1665404980429 1.147996187210083 45
1665405022949 1.1407946348190308 46
1665405065553 1.1358641386032104 47
1665405107754 1.131502389907837 48
1665405150116 1.1302604675292969 49
1665405191990 1.126197338104248 50
1665405234474 1.121504545211792 51
1665405277092 1.1201744079589844 52
1665405319301 1.1166236400604248 53
1665405362108 1.1142462491989136 54
1665405404195 1.116387128829956 55
1665405446849 1.1103894710540771 56
1665405489143 1.1129529476165771 57
1665405531794 1.1105238199234009 58
1665405574470 1.1097164154052734 59
1665405616874 1.104735255241394 60
1665405659704 1.1026227474212646 61
1665405702269 1.102295994758606 62
1665405744290 1.0988593101501465 63
1665405786718 1.0992467403411865 64
1665405828879 1.0970011949539185 65
1665405871327 1.097902536392212 66
1665405913694 1.098242998123169 67
1665405955930 1.0955168008804321 68
1665405998361 1.0925979614257812 69
1665406040627 1.0877084732055664 70
1665406083194 1.0880722999572754 71
1665406125382 1.0821222066879272 72
1665406167820 1.0856122970581055 73
1665406209658 1.0808418989181519 74
1665406252031 1.0807304382324219 75
1665406294698 1.0806715488433838 76
1665406336942 1.0802958011627197 77
1665406379275 1.0765833854675293 78
1665406421783 1.080536127090454 79
1665406463922 1.0808981657028198 80
1665406506580 1.0780364274978638 81
1665406548603 1.077362298965454 82
1665406591181 1.0754013061523438 83
1665406633758 1.0767419338226318 84
1665406675993 1.0763002634048462 85
1665406718377 1.0730078220367432 86
1665406761208 1.0754114389419556 87
1665406803671 1.0755711793899536 88
1665406845981 1.0709835290908813 89
1665406887834 1.0750070810317993 90
1665406930209 1.0735832452774048 91
1665406972688 1.0728602409362793 92
1665407014743 1.0735305547714233 93
1665407057281 1.06997549533844 94
1665407099871 1.0711392164230347 95
1665407142096 1.0735385417938232 96
1665407184842 1.0707608461380005 97
1665407227123 1.0737478733062744 98
1665407269531 1.0725456476211548 99
1665407311652 1.072001338005066 100
1665407354230 1.067049503326416 101
1665407396606 1.0714592933654785 102
1665407438903 1.069229006767273 103
1665407480984 1.0732530355453491 104
1665407523883 1.0724976062774658 105
1665407566303 1.072480320930481 106
1665407608554 1.0697609186172485 107
1665407651325 1.069370985031128 108
1665407693745 1.0701504945755005 109
1665407735985 1.0702180862426758 110
1665407778133 1.0658600330352783 111
1665407820093 1.0701476335525513 112
1665407862648 1.068961262702942 113
1665407904876 1.0693669319152832 114
1665407946925 1.0688151121139526 115
1665407989500 1.0669506788253784 116
1665408032122 1.0644828081130981 117
1665408074723 1.0682755708694458 118
1665408169160 1.0690702199935913 119
