1665403074594 18.13910787651338 0
1665403116824 11.307576539526025 1
1665403158995 11.249165749454114 2
1665403201535 11.611516628265381 3
1665403243983 11.990563888549804 4
1665403286226 12.18495887158865 5
1665403328336 12.21854850169151 6
1665403370691 12.293782626428913 7
1665403412753 12.176558967559568 8
1665403455415 11.996547041400786 9
1665403497462 11.821860513379496 10
1665403539498 11.628828690898034 11
1665403582073 11.469831405394528 12
1665403624281 11.33638999739804 13
1665403666703 11.098885191492288 14
1665403709249 10.846501538073682 15
1665403751866 10.651820110029963 16
1665403794022 10.441869950198743 17
1665403836567 10.15853405381781 18
1665403878936 9.99262194652634 19
1665403921011 9.743858179738444 20
1665403963416 9.589301036250207 21
1665404005399 9.355621607072893 22
1665404047882 9.159860049524616 23
1665404090065 9.01470136642456 24
1665404132676 8.808815029144288 25
1665404175299 8.628427298672229 26
1665404217589 8.465807443641754 27
1665404259807 8.389836345810489 28
1665404302373 8.213166102826834 29
1665404344685 8.1049748347945 30
1665404386941 7.997618725022159 31
1665404429554 7.866507436376978 32
1665404471729 7.79222753547853 33
1665404513880 7.726247825930195 34
1665404556316 7.6082995904976105 35
1665404598882 7.543733420620961 36
1665404641095 7.524448155399307 37
1665404683593 7.462452608108521 38
1665404726216 7.396173836723451 39
1665404768177 7.351459883874463 40
1665404811005 7.383100057701509 41
1665404853305 7.385823232581816 42
1665404895690 7.39483323537681 43
1665404938216 7.394123374218921 44
1665404980429 7.397263299030472 45
1665405022949 7.392819940804477 46
1665405065553 7.376712222654657 47
1665405107754 7.35673338367093 48
1665405150116 7.340223947517303 49
1665405191990 7.33256115894086 50
1665405234474 7.3188587907821905 51
1665405277092 7.288040383273818 52
1665405319301 7.27829062220562 53
1665405362108 7.258794018542432 54
1665405404195 7.224773397407379 55
1665405446849 7.2111815410445494 56
1665405489143 7.193240376361403 57
1665405531794 7.174559606605745 58
1665405574470 7.164288878919609 59
1665405616874 7.141434623534421 60
1665405659704 7.114570388793945 61
1665405702269 7.098280544740608 62
1665405744290 7.07069046717571 63
1665405786718 7.05142193840396 64
1665405828879 7.029957740537582 65
1665405871327 6.996326052373456 66
1665405913694 6.9704888655293376 67
1665405955930 6.957191300007604 68
1665405998361 6.917012714570569 69
1665406040627 6.907651622449198 70
1665406083194 6.9046986016882475 71
1665406125382 6.900985503292467 72
1665406167820 6.901917561828366 73
1665406209658 6.90041421396047 74
1665406252031 6.897967203970878 75
1665406294698 6.8990222574716595 76
1665406336942 6.894595730256842 77
1665406379275 6.895675331713205 78
1665406421783 6.889020994786294 79
1665406463922 6.888236291946903 80
1665406506580 6.8845976898747105 81
1665406548603 6.882485989601381 82
1665406591181 6.880766935616612 83
1665406633758 6.877747225474162 84
1665406675993 6.874447866616 85
1665406718377 6.869712666814107 86
1665406761208 6.863529165267944 87
1665406803671 6.866667439181163 88
1665406845981 6.867590825084733 89
1665406887834 6.862391240201016 90
1665406930209 6.857497007616105 91
1665406972688 6.852288624932689 92
1665407014743 6.846357309049176 93
1665407057281 6.84508514212796 94
1665407099871 6.841166498191864 95
1665407142096 6.83797492751156 96
1665407184842 6.827028787758456 97
1665407227123 6.8216215252397525 98
1665407269531 6.822352390135488 99
1665407311652 6.8208509433654045 100
1665407354230 6.820184726791688 101
1665407396606 6.813843629052562 102
1665407438903 6.808700317336667 103
1665407480984 6.80257773399353 104
1665407523883 6.7965445137023925 105
1665407566303 6.801904415988539 106
1665407608554 6.798403299477206 107
1665407651325 6.79183046693304 108
1665407693745 6.7853978091933165 109
1665407735985 6.781054675579071 110
1665407778133 6.782230280671525 111
1665407820093 6.776901295310573 112
1665407862648 6.7761694264699175 113
1665407904876 6.768295672632033 114
1665407946925 6.765504198689615 115
1665407989500 6.76483183670044 116
1665408032122 6.763692365592742 117
1665408074723 6.75905585193251 118
1665408169160 6.7564118569155776 119
