1665403074594 0.00035 0
1665403116824 3.5000000000000004e-05 1
1665403158995 7.000000000000001e-05 2
1665403201535 0.00010499999999999999 3
1665403243983 0.00014000000000000001 4
1665403286226 0.000175 5
1665403328336 0.00020999999999999998 6
1665403370691 0.000245 7
1665403412753 0.00028000000000000003 8
1665403455415 0.000315 9
1665403497462 0.00035 10
1665403539498 0.00035 11
1665403582073 0.00035 12
1665403624281 0.00035 13
1665403666703 0.00035 14
1665403709249 0.00035 15
1665403751866 0.00035 16
1665403794022 0.00035 17
1665403836567 0.00035 18
1665403878936 0.00035 19
1665403921011 0.00035 20
1665403963416 0.00035 21
1665404005399 0.00035 22
1665404047882 0.00035 23
1665404090065 0.00035 24
1665404132676 0.00035 25
1665404175299 0.00035 26
1665404217589 0.00035 27
1665404259807 0.00035 28
1665404302373 0.00035 29
1665404344685 0.00035 30
1665404386941 0.00035 31
1665404429554 0.00035 32
1665404471729 0.00035 33
1665404513880 0.00035 34
1665404556316 0.00035 35
1665404598882 0.00035 36
1665404641095 0.00035 37
1665404683593 0.00035 38
1665404726216 0.00035 39
1665404768177 3.5000000000000004e-05 40
1665404811005 3.5000000000000004e-05 41
1665404853305 3.5000000000000004e-05 42
1665404895690 3.5000000000000004e-05 43
1665404938216 3.5000000000000004e-05 44
1665404980429 3.5000000000000004e-05 45
1665405022949 3.5000000000000004e-05 46
1665405065553 3.5000000000000004e-05 47
1665405107754 3.5000000000000004e-05 48
1665405150116 3.5000000000000004e-05 49
1665405191990 3.5000000000000004e-05 50
1665405234474 3.5000000000000004e-05 51
1665405277092 3.5000000000000004e-05 52
1665405319301 3.5000000000000004e-05 53
1665405362108 3.5000000000000004e-05 54
1665405404195 3.5000000000000004e-05 55
1665405446849 3.5000000000000004e-05 56
1665405489143 3.5000000000000004e-05 57
1665405531794 3.5000000000000004e-05 58
1665405574470 3.5000000000000004e-05 59
1665405616874 3.5000000000000004e-05 60
1665405659704 3.5000000000000004e-05 61
1665405702269 3.5000000000000004e-05 62
1665405744290 3.5000000000000004e-05 63
1665405786718 3.5000000000000004e-05 64
1665405828879 3.5000000000000004e-05 65
1665405871327 3.5000000000000004e-05 66
1665405913694 3.5000000000000004e-05 67
1665405955930 3.5000000000000004e-05 68
1665405998361 3.5000000000000004e-05 69
1665406040627 3.5000000000000004e-06 70
1665406083194 3.5000000000000004e-06 71
1665406125382 3.5000000000000004e-06 72
1665406167820 3.5000000000000004e-06 73
1665406209658 3.5000000000000004e-06 74
1665406252031 3.5000000000000004e-06 75
1665406294698 3.5000000000000004e-06 76
1665406336942 3.5000000000000004e-06 77
1665406379275 3.5000000000000004e-06 78
1665406421783 3.5000000000000004e-06 79
1665406463922 3.5000000000000004e-06 80
1665406506580 3.5000000000000004e-06 81
1665406548603 3.5000000000000004e-06 82
1665406591181 3.5000000000000004e-06 83
1665406633758 3.5000000000000004e-06 84
1665406675993 3.5000000000000004e-06 85
1665406718377 3.5000000000000004e-06 86
1665406761208 3.5000000000000004e-06 87
1665406803671 3.5000000000000004e-06 88
1665406845981 3.5000000000000004e-06 89
1665406887834 3.5000000000000004e-06 90
1665406930209 3.5000000000000004e-06 91
1665406972688 3.5000000000000004e-06 92
1665407014743 3.5000000000000004e-06 93
1665407057281 3.5000000000000004e-06 94
1665407099871 3.5000000000000004e-06 95
1665407142096 3.5000000000000004e-06 96
1665407184842 3.5000000000000004e-06 97
1665407227123 3.5000000000000004e-06 98
1665407269531 3.5000000000000004e-06 99
1665407311652 3.5000000000000004e-06 100
1665407354230 3.5000000000000004e-06 101
1665407396606 3.5000000000000004e-06 102
1665407438903 3.5000000000000004e-06 103
1665407480984 3.5000000000000004e-06 104
1665407523883 3.5000000000000004e-06 105
1665407566303 3.5000000000000004e-06 106
1665407608554 3.5000000000000004e-06 107
1665407651325 3.5000000000000004e-06 108
1665407693745 3.5000000000000004e-06 109
1665407735985 3.5000000000000004e-06 110
1665407778133 3.5000000000000004e-06 111
1665407820093 3.5000000000000004e-06 112
1665407862648 3.5000000000000004e-06 113
1665407904876 3.5000000000000004e-06 114
1665407946925 3.5000000000000004e-06 115
1665407989500 3.5000000000000004e-06 116
1665408032122 3.5000000000000004e-06 117
1665408074723 3.5000000000000004e-06 118
1665408169160 3.5000000000000004e-06 119
