1665403074594 1.5343896105107533 0
1665403116824 0.6051809424497038 1
1665403158995 0.41748967718886565 2
1665403201535 0.3099508380293846 3
1665403243983 0.2551024473905563 4
1665403286226 0.2159874889864979 5
1665403328336 0.19529808398276086 6
1665403370691 0.18078456206187124 7
1665403412753 0.1776359400321399 8
1665403455415 0.17124096726277663 9
1665403497462 0.16569792486787324 10
1665403539498 0.14135210756813327 11
1665403582073 0.13930256938539357 12
1665403624281 0.12865028144365334 13
1665403666703 0.11805664728504107 14
1665403709249 0.12048331682521655 15
1665403751866 0.11964327282455552 16
1665403794022 0.12474474164257088 17
1665403836567 0.12672000583336057 18
1665403878936 0.12338265609070959 19
1665403921011 0.12612717047393804 20
1665403963416 0.11437047972914673 21
1665404005399 0.11339847539221087 22
1665404047882 0.10732636832061314 23
1665404090065 0.10449538080983105 24
1665404132676 0.11802913904190064 25
1665404175299 0.12285857209299941 26
1665404217589 0.11437649517712822 27
1665404259807 0.11669083559010403 28
1665404302373 0.11225192244332957 29
1665404344685 0.11113445327643409 30
1665404386941 0.11620011780575576 31
1665404429554 0.10436509796474354 32
1665404471729 0.11538731105505459 33
1665404513880 0.10296757912804042 34
1665404556316 0.11054835474515057 35
1665404598882 0.09582121607409902 36
1665404641095 0.10928921964034498 37
1665404683593 0.1034094529002905 38
1665404726216 0.11529257848498321 39
1665404768177 0.0677986099655109 40
1665404811005 0.04679888810019895 41
1665404853305 0.03994052082180498 42
1665404895690 0.03588500164120073 43
1665404938216 0.03284330936859411 44
1665404980429 0.028380930977293765 45
1665405022949 0.02504444798551889 46
1665405065553 0.02419148469306379 47
1665405107754 0.023023146820525007 48
1665405150116 0.022387816989228794 49
1665405191990 0.02132940853414265 50
1665405234474 0.02106929011642933 51
1665405277092 0.018286926021058875 52
1665405319301 0.01926011274976424 53
1665405362108 0.017555159856995427 54
1665405404195 0.019016857262715757 55
1665405446849 0.01589917798477962 56
1665405489143 0.019097761965420353 57
1665405531794 0.017855396621437914 58
1665405574470 0.016804251595433937 59
1665405616874 0.014801477063372433 60
1665405659704 0.014242005899548531 61
1665405702269 0.014277018995648885 62
1665405744290 0.014312673255382293 63
1665405786718 0.013441477278848328 64
1665405828879 0.01385401977947162 65
1665405871327 0.01416257849984592 66
1665405913694 0.014090603923485163 67
1665405955930 0.01391311769463843 68
1665405998361 0.012880390299664389 69
1665406040627 0.011373623447012036 70
1665406083194 0.01246405874629576 71
1665406125382 0.010086734775438845 72
1665406167820 0.011952314495678372 73
1665406209658 0.01034729233999484 74
1665406252031 0.00986156671217853 75
1665406294698 0.010900729111429438 76
1665406336942 0.010902645597496185 77
1665406379275 0.009724859836470172 78
1665406421783 0.011367738141768401 79
1665406463922 0.011305107269436121 80
1665406506580 0.009390878243251674 81
1665406548603 0.00989762686132904 82
1665406591181 0.009373642893201375 83
1665406633758 0.009746152039871636 84
1665406675993 0.010244088224976897 85
1665406718377 0.007693580370471181 86
1665406761208 0.009759185582399368 87
1665406803671 0.009173885548868811 88
1665406845981 0.008210407652956272 89
1665406887834 0.009367389596908198 90
1665406930209 0.009279651987937189 91
1665406972688 0.008240110496239315 92
1665407014743 0.008920978289097548 93
1665407057281 0.007091332945119904 94
1665407099871 0.007774564822814072 95
1665407142096 0.009277886849450299 96
1665407184842 0.007929694969730684 97
1665407227123 0.009598593321071571 98
1665407269531 0.008979761372170141 99
1665407311652 0.008303437952793414 100
1665407354230 0.0061833006311133205 101
1665407396606 0.009303056619941227 102
1665407438903 0.00735788598596569 103
1665407480984 0.008815613274853076 104
1665407523883 0.0083831300213933 105
1665407566303 0.009091998588847348 106
1665407608554 0.00712134229789776 107
1665407651325 0.007340928038440076 108
1665407693745 0.0077501447070913625 109
1665407735985 0.008005083343314548 110
1665407778133 0.0068684984978876614 111
1665407820093 0.008709017202439096 112
1665407862648 0.007412284074059452 113
1665407904876 0.007627614863937901 114
1665407946925 0.007221730290761878 115
1665407989500 0.007209589645266533 116
1665408032122 0.005949883336522971 117
1665408074723 0.008180467337070698 118
1665408169160 0.007733972802997593 119
