1665403074594 0.8842708580345514 0
1665403116824 0.3612189046799179 1
1665403158995 0.1849024878986868 2
1665403201535 0.10090562911517918 3
1665403243983 0.058701746057718995 4
1665403286226 0.03591641131788492 5
1665403328336 0.023160973692410474 6
1665403370691 0.015963982873325868 7
1665403412753 0.011560128800826328 8
1665403455415 0.008921796131143045 9
1665403497462 0.007306350877643713 10
1665403539498 0.006246172488787242 11
1665403582073 0.005587258925998068 12
1665403624281 0.005102822810493739 13
1665403666703 0.004736736543985255 14
1665403709249 0.004503776482960965 15
1665403751866 0.004414864165902916 16
1665403794022 0.004196917132313651 17
1665403836567 0.004125311139439902 18
1665403878936 0.0039821302903494445 19
1665403921011 0.0039033202807449044 20
1665403963416 0.003691240690738684 21
1665404005399 0.0035974633234042313 22
1665404047882 0.003479993261862546 23
1665404090065 0.003353538381258747 24
1665404132676 0.0031934415716677904 25
1665404175299 0.0031273032633969224 26
1665404217589 0.0030549033657165177 27
1665404259807 0.002965224518751105 28
1665404302373 0.0028666833165030643 29
1665404344685 0.0027925180071164445 30
1665404386941 0.0026890040799810826 31
1665404429554 0.002618766853578359 32
1665404471729 0.002548372590794198 33
1665404513880 0.0024823739968856135 34
1665404556316 0.002431509961153429 35
1665404598882 0.0023662302564515405 36
1665404641095 0.0023514880372368426 37
1665404683593 0.0023079432831145824 38
1665404726216 0.0022851445161992862 39
1665404768177 0.0019979044497426177 40
1665404811005 0.0017894985594685718 41
1665404853305 0.0017320650342634942 42
1665404895690 0.0017040901346109718 43
1665404938216 0.0016996295955293928 44
1665404980429 0.0016864220869828419 45
1665405022949 0.0016666902617240946 46
1665405065553 0.001670802812967225 47
1665405107754 0.001649633273407216 48
1665405150116 0.0016540231438625136 49
1665405191990 0.0016355724974162122 50
1665405234474 0.0016374174292357038 51
1665405277092 0.001623034566999918 52
1665405319301 0.0016325853987555787 53
1665405362108 0.0016330642519092344 54
1665405404195 0.001615730814643234 55
1665405446849 0.00160947427982053 56
1665405489143 0.0016129467249230806 57
1665405531794 0.0015899946106163912 58
1665405574470 0.0015851082219499122 59
1665405616874 0.0015653575144999896 60
1665405659704 0.0015551499905996024 61
1665405702269 0.0015624802387562621 62
1665405744290 0.0015516123102312107 63
1665405786718 0.0015355689721482416 64
1665405828879 0.0015094786996938169 65
1665405871327 0.0014982501888880506 66
1665405913694 0.0014976845413912088 67
1665405955930 0.001470245735911322 68
1665405998361 0.0014697764263180415 69
1665406040627 0.0014371638394696938 70
1665406083194 0.0014145360216049545 71
1665406125382 0.001405950359828082 72
1665406167820 0.001404877718602145 73
1665406209658 0.0013949487236731872 74
1665406252031 0.0013952556971250283 75
1665406294698 0.0013880189718588828 76
1665406336942 0.0013840585095194508 77
1665406379275 0.001379831872195993 78
1665406421783 0.0013846320470028946 79
1665406463922 0.0013755225903174329 80
1665406506580 0.0013757919706779743 81
1665406548603 0.0013809043424947549 82
1665406591181 0.0013721019677615848 83
1665406633758 0.0013701778829067826 84
1665406675993 0.0013647880288304754 85
1665406718377 0.0013623973078853693 86
1665406761208 0.0013618293823674322 87
1665406803671 0.001358380899802 88
1665406845981 0.001349303275648399 89
1665406887834 0.00135675607096434 90
1665406930209 0.0013628950532180288 91
1665406972688 0.0013541328948884902 92
1665407014743 0.001351997183049999 93
1665407057281 0.0013408308084792342 94
1665407099871 0.0013458781060295172 95
1665407142096 0.0013476066641045742 96
1665407184842 0.0013354509394713134 97
1665407227123 0.0013414657357743527 98
1665407269531 0.001340392623059151 99
1665407311652 0.0013477818748440533 100
1665407354230 0.0013354979787418343 101
1665407396606 0.0013398758211781482 102
1665407438903 0.0013250966759158237 103
1665407480984 0.001336209001413907 104
1665407523883 0.0013354780501686036 105
1665407566303 0.001325855118570378 106
1665407608554 0.0013326998317546874 107
1665407651325 0.0013274508397502593 108
1665407693745 0.0013352171588038285 109
1665407735985 0.0013234340703122379 110
1665407778133 0.0013149419586411734 111
1665407820093 0.001313869843282077 112
1665407862648 0.001312324686076896 113
1665407904876 0.001317829437715362 114
1665407946925 0.0013165498310099206 115
1665407989500 0.0013113535465672612 116
1665408032122 0.0013034879758273322 117
1665408074723 0.0013004574026112038 118
1665408169160 0.001302895028645315 119
