1665403074594 6.31624228695789 0
1665403116824 5.111072632203619 1
1665403158995 3.5798630025013383 2
1665403201535 2.4768681354522704 3
1665403243983 1.9316187252998351 4
1665403286226 1.6955460290832214 5
1665403328336 1.5977975702093494 6
1665403370691 1.5528219904630416 7
1665403412753 1.5256944087243849 8
1665403455415 1.510288516840627 9
1665403497462 1.4762466290304739 10
1665403539498 1.4405787337210871 11
1665403582073 1.4219416312903286 12
1665403624281 1.3949504865699982 13
1665403666703 1.3754163688445187 14
1665403709249 1.3722800356317237 15
1665403751866 1.3597962717454597 16
1665403794022 1.3593136819012195 17
1665403836567 1.362885778208813 18
1665403878936 1.3470903146697815 19
1665403921011 1.3463731364857765 20
1665403963416 1.3324594925488196 21
1665404005399 1.3296048790216446 22
1665404047882 1.3205578466576915 23
1665404090065 1.3087188971619452 24
1665404132676 1.3196290826797485 25
1665404175299 1.312163586597366 26
1665404217589 1.3032729012899131 27
1665404259807 1.3021055728077409 28
1665404302373 1.2922597142108474 29
1665404344685 1.2913567354401432 30
1665404386941 1.2896227362644241 31
1665404429554 1.2751300842407718 32
1665404471729 1.2811085629847743 33
1665404513880 1.2620095139549625 34
1665404556316 1.272036423166114 35
1665404598882 1.2553295663082935 36
1665404641095 1.265544079393747 37
1665404683593 1.2612341074943543 38
1665404726216 1.2656076959063929 39
1665404768177 1.2080040526005529 40
1665404811005 1.15508571877537 41
1665404853305 1.1365528255102624 42
1665404895690 1.1287661972773602 43
1665404938216 1.1248247829307034 44
1665404980429 1.1143267049368126 45
1665405022949 1.1112841477834556 46
1665405065553 1.1066931127065636 47
1665405107754 1.1040532439947128 48
1665405150116 1.10389503100623 49
1665405191990 1.1010767298671398 50
1665405234474 1.096506934012136 51
1665405277092 1.0985322046471409 52
1665405319301 1.0937545639444068 53
1665405362108 1.0934544447435433 54
1665405404195 1.0936183024601764 55
1665405446849 1.0914970478379582 56
1665405489143 1.0901400999850537 57
1665405531794 1.0892098548421898 58
1665405574470 1.0896162460127987 59
1665405616874 1.0870272950474995 60
1665405659704 1.0855184469223023 61
1665405702269 1.0851223463992996 62
1665405744290 1.081600885314635 63
1665405786718 1.0828120381601396 64
1665405828879 1.0803470823072618 65
1665405871327 1.0808438062667847 66
1665405913694 1.0813204747053884 67
1665405955930 1.0785770546044073 68
1665405998361 1.076928876100048 69
1665406040627 1.0739387485288805 70
1665406083194 1.0728407715219093 71
1665406125382 1.0697940176270573 72
1665406167820 1.0712022144302182 73
1665406209658 1.0683121343373287 74
1665406252031 1.0687099993228912 75
1665406294698 1.0670485008193786 76
1665406336942 1.066704634681763 77
1665406379275 1.0644374583140914 78
1665406421783 1.0664154603596656 79
1665406463922 1.0670153724570428 80
1665406506580 1.0664315387125938 81
1665406548603 1.06512698194673 82
1665406591181 1.0638837866993793 83
1665406633758 1.0646326762126632 84
1665406675993 1.0635659541470937 85
1665406718377 1.0631484592774785 86
1665406761208 1.0632728471755981 87
1665406803671 1.0643477502118153 88
1665406845981 1.0607812631468059 89
1665406887834 1.0632743116332453 90
1665406930209 1.0619115334364675 91
1665406972688 1.0625688698022597 92
1665407014743 1.0624551571184588 93
1665407057281 1.0609799082499431 94
1665407099871 1.061347421393337 95
1665407142096 1.0618483067516342 96
1665407184842 1.060781929387625 97
1665407227123 1.061858097712199 98
1665407269531 1.0613306640617308 99
1665407311652 1.061455706434865 100
1665407354230 1.0591444878214333 101
1665407396606 1.0598162489552652 102
1665407438903 1.0598114233824514 103
1665407480984 1.062188335484074 104
1665407523883 1.0619592356681824 105
1665407566303 1.0611558458412507 106
1665407608554 1.0607196944784447 107
1665407651325 1.060056487719218 108
1665407693745 1.0603982186221694 109
1665407735985 1.0601673097379747 110
1665407778133 1.0571445250800746 111
1665407820093 1.0591723156361446 112
1665407862648 1.0595657533431149 113
1665407904876 1.0598515257720025 114
1665407946925 1.0596520117213648 115
1665407989500 1.057787239074707 116
1665408032122 1.0567338504944461 117
1665408074723 1.0577814282183666 118
1665408169160 1.0593325277887673 119
