1665389225112 1.2180542391706184 0
1665389309192 0.2549032864635848 1
1665389394143 0.12633626291670474 2
1665389477114 0.07450350897014141 3
1665389560880 0.05639792586117983 4
1665389642031 0.046416171964811515 5
1665389720688 0.03743295040312073 6
1665389805608 0.038004227943958774 7
1665389889222 0.03166448806352433 8
1665389972075 0.02914977358323672 9
1665390053249 0.02820873184640321 10
1665390138058 0.02589617483317852 11
1665390220932 0.01950978036655719 12
1665390305709 0.02172250813808307 13
1665390386265 0.017498322302498013 14
1665390465943 0.021328844646193897 15
1665390549340 0.019805821481658274 16
1665390630395 0.017917684843225114 17
1665390709626 0.020757619688010598 18
1665390795730 0.019399120827695453 19
1665390875816 0.018339377144471772 20
1665390956420 0.01662046848345668 21
1665391038837 0.016959173454632683 22
1665391118706 0.016204570968364997 23
1665391197989 0.017231783086073496 24
1665391282401 0.017712107703089713 25
1665391364842 0.019764305133537115 26
1665391449103 0.018286835708950896 27
1665391533399 0.017529783160781045 28
1665391614802 0.015667200799148726 29
1665391695670 0.016794727681331844 30
1665391775551 0.01787518081535776 31
1665391858750 0.013866423696548823 32
1665391943476 0.014512731055278451 33
1665392024721 0.01508744525527882 34
1665392109546 0.015377161388536054 35
1665392192081 0.014475055689732712 36
1665392276861 0.015477841222531584 37
1665392362283 0.015475060399621725 38
1665392441270 0.017111218384196682 39
1665392521181 0.010044533646695556 40
1665392603129 0.004899587317642917 41
1665392687706 0.0048291048551180275 42
1665392767598 0.004200320141053343 43
1665392848639 0.002940179854930644 44
1665392928631 0.0031904281779981582 45
1665393008169 0.0027991606289124392 46
1665393088006 0.0028995462575456105 47
1665393169092 0.002723768965581492 48
1665393250484 0.0023482458944986706 49
1665393330516 0.002308611320671041 50
1665393409520 0.0019761787562240516 51
1665393489480 0.0015002311951664079 52
1665393569051 0.0023979794974607156 53
1665393648412 0.001647672514958554 54
1665393727730 0.0019256353797204044 55
1665393808804 0.0016996849545214071 56
1665393892460 0.002249713844982496 57
1665393976722 0.001904618211958303 58
1665394061888 0.0018290935615339432 59
1665394145772 0.001625961549280877 60
1665394230755 0.0012605638355016708 61
1665394313946 0.0016215844678292312 62
1665394399583 0.0015074097136237535 63
1665394488525 0.001618534882342623 64
1665394570370 0.0010718135088081321 65
1665394649359 0.0016057300869555724 66
1665394728364 0.0016683936644826204 67
1665394807074 0.0012824969073276847 68
1665394886194 0.00170319925452913 69
1665394965383 0.0014756397839875953 70
1665395045010 0.0012600818820985924 71
1665395124112 0.0012205948409845073 72
1665395202790 0.000933383960985703 73
1665395281649 0.0009706915405235792 74
1665395360616 0.0008678597683507589 75
1665395440125 0.0013040835299645082 76
1665395519302 0.0013237144446456768 77
1665395598542 0.0007904714541921176 78
1665395677637 0.0008296770749673728 79
1665395756709 0.0008981164672502107 80
1665395836004 0.0008597968093630287 81
1665395915373 0.0008760134223848581 82
1665395995249 0.0009349495748499311 83
1665396075051 0.0009453363050837593 84
1665396154988 0.0013499600012378998 85
1665396234642 0.0007132445331139259 86
1665396314523 0.0005264691524207592 87
1665396394163 0.000667536032786331 88
1665396473485 0.0007633129624943985 89
1665396552507 0.0006582901779155017 90
1665396633168 0.0012443562924501397 91
1665396713458 0.0007886618803886156 92
1665396793797 0.0007395306864993707 93
1665396873853 0.0006487542860598928 94
1665396926031 0.0007171361336866057 95
1665396978946 0.000961709146698316 96
1665397059349 0.0006358703920041701 97
1665397140560 0.0006940157552919235 98
1665397220521 0.0010506035346958425 99
1665397300135 0.0006478333642946616 100
1665397379756 0.0005540428009916501 101
1665397458400 0.0010006920126597247 102
1665397536912 0.0006657333278487767 103
1665397615293 0.0006409695619837411 104
1665397694763 0.0007057702280580997 105
1665397773742 0.0005203188849560707 106
1665397852367 0.0008702492266594166 107
1665397931440 0.0004224903455161187 108
1665398010366 0.000749182053299314 109
1665398089249 0.000617704575791234 110
1665398167617 0.0006380898666828267 111
1665398245988 0.0007934280245108643 112
1665398325483 0.000865853672106582 113
1665398404281 0.0008027162290208282 114
1665398483382 0.0007782913594236297 115
1665398563125 0.0005424700267612935 116
1665398642731 0.0005413233807467552 117
1665398722156 0.0006457132522959307 118
1665398863276 0.0005405328711532206 119
