1665389225112 7.924041326744968 0
1665389309192 2.7861106366996307 1
1665389394143 2.4777984877666794 2
1665389477114 2.6277308712005616 3
1665389560880 2.7366727619171143 4
1665389642031 2.8665816027476607 5
1665389720688 2.935254717065442 6
1665389805608 2.9508440552219266 7
1665389889222 2.975411732350626 8
1665389972075 2.956408885217482 9
1665390053249 2.9156260798054356 10
1665390138058 2.86205786370462 11
1665390220932 2.8578382792721793 12
1665390305709 2.8283742288030296 13
1665390386265 2.779888372344664 14
1665390465943 2.741611931697432 15
1665390549340 2.6734487148652595 16
1665390630395 2.639049020636991 17
1665390709626 2.5811947569789657 18
1665390795730 2.51584193601187 19
1665390875816 2.488919153328865 20
1665390956420 2.4550896479237463 21
1665391038837 2.4281657982257103 22
1665391118706 2.3931459678757574 23
1665391197989 2.3340903280242795 24
1665391282401 2.3101920166015626 25
1665391364842 2.254082195251342 26
1665391449103 2.244424312468992 27
1665391533399 2.203872002750994 28
1665391614802 2.158577486693141 29
1665391695670 2.1439003293294028 30
1665391775551 2.124558283143254 31
1665391858750 2.112183002582994 32
1665391943476 2.0931215132436445 33
1665392024721 2.068466982053172 34
1665392109546 2.0452294905022925 35
1665392192081 2.021589139379172 36
1665392276861 2.0011977057859123 37
1665392362283 1.9769707746505738 38
1665392441270 1.9676753782456922 39
1665392521181 1.9258313553948556 40
1665392603129 1.902841616347133 41
1665392687706 1.8993987151417866 42
1665392767598 1.8969619570965748 43
1665392848639 1.891558687849696 44
1665392928631 1.888649023201571 45
1665393008169 1.8851828359695801 46
1665393088006 1.8850168913722518 47
1665393169092 1.8782927365072313 48
1665393250484 1.8731869034438964 49
1665393330516 1.8665173150267196 50
1665393409520 1.8575909853942933 51
1665393489480 1.8464108317731374 52
1665393569051 1.8531377133595417 53
1665393648412 1.8408491410404804 54
1665393727730 1.8302666681358613 55
1665393808804 1.82521165997149 56
1665393892460 1.8194920892217552 57
1665393976722 1.8096116326420182 58
1665394061888 1.8020399004580028 59
1665394145772 1.7915232028348378 60
1665394230755 1.7876981019973754 61
1665394313946 1.7825264542935841 62
1665394399583 1.775373373165667 63
1665394488525 1.7645227125575464 64
1665394570370 1.7450591883351725 65
1665394649359 1.7401816306575653 66
1665394728364 1.741699731157672 67
1665394807074 1.7342264238865144 68
1665394886194 1.7293821323302485 69
1665394965383 1.7161531116693252 70
1665395045010 1.7058442390587436 71
1665395124112 1.705953259544679 72
1665395202790 1.7111757013961855 73
1665395281649 1.708235007065993 74
1665395360616 1.7030986960857146 75
1665395440125 1.7020883928819832 76
1665395519302 1.7017056822298042 77
1665395598542 1.698011149843055 78
1665395677637 1.6902395457990709 79
1665395756709 1.694933442819503 80
1665395836004 1.6967536879162635 81
1665395915373 1.696104115536136 82
1665395995249 1.6888126790762905 83
1665396075051 1.6874182090223075 84
1665396154988 1.6865859381166328 85
1665396234642 1.683983713268755 86
1665396314523 1.6829799914360046 87
1665396394163 1.6837523869242534 88
1665396473485 1.6807682330791767 89
1665396552507 1.6793572154604954 90
1665396633168 1.6758646306491667 91
1665396713458 1.6748995848240391 92
1665396793797 1.6779574872024599 93
1665396873853 1.6767915745815598 94
1665396926031 1.6710864559234864 95
1665396978946 1.673554390788557 96
1665397059349 1.6695062525301094 97
1665397140560 1.6648096794105438 98
1665397220521 1.6747453948182445 99
1665397300135 1.6673002002700683 100
1665397379756 1.6654267713248012 101
1665397458400 1.6651799813393624 102
1665397536912 1.6642280672827074 103
1665397615293 1.6586857716883383 104
1665397694763 1.6571312041282653 105
1665397773742 1.6603034777813648 106
1665397852367 1.6605434082598092 107
1665397931440 1.6528889433925888 108
1665398010366 1.6546984690738968 109
1665398089249 1.655610746433658 110
1665398167617 1.6473159693513322 111
1665398245988 1.6482986805410038 112
1665398325483 1.64993435599239 113
1665398404281 1.6507180491762776 114
1665398483382 1.649142001905749 115
1665398563125 1.6504847073554993 116
1665398642731 1.6409609868344532 117
1665398722156 1.6400274483554333 118
1665398863276 1.638241191944444 119
