1665389225112 9.98223876953125 0
1665389309192 6.328268051147461 1
1665389394143 4.287414073944092 2
1665389477114 2.918745756149292 3
1665389560880 2.274230480194092 4
1665389642031 1.9906419515609741 5
1665389720688 1.8482286930084229 6
1665389805608 1.8112984895706177 7
1665389889222 1.7398858070373535 8
1665389972075 1.706423044204712 9
1665390053249 1.6669901609420776 10
1665390138058 1.627678632736206 11
1665390220932 1.5598264932632446 12
1665390305709 1.5624282360076904 13
1665390386265 1.5060487985610962 14
1665390465943 1.534311056137085 15
1665390549340 1.5275905132293701 16
1665390630395 1.4888136386871338 17
1665390709626 1.5159213542938232 18
1665390795730 1.4965155124664307 19
1665390875816 1.4783838987350464 20
1665390956420 1.4617022275924683 21
1665391038837 1.4644711017608643 22
1665391118706 1.453046441078186 23
1665391197989 1.4507116079330444 24
1665391282401 1.4529930353164673 25
1665391364842 1.461073875427246 26
1665391449103 1.4487943649291992 27
1665391533399 1.433039665222168 28
1665391614802 1.4124680757522583 29
1665391695670 1.41222083568573 30
1665391775551 1.428063988685608 31
1665391858750 1.3991096019744873 32
1665391943476 1.3965269327163696 33
1665392024721 1.400911808013916 34
1665392109546 1.398220181465149 35
1665392192081 1.374016523361206 36
1665392276861 1.3844692707061768 37
1665392362283 1.3804649114608765 38
1665392441270 1.3919609785079956 39
1665392521181 1.2938646078109741 40
1665392603129 1.1989645957946777 41
1665392687706 1.1775223016738892 42
1665392767598 1.1688100099563599 43
1665392848639 1.1493861675262451 44
1665392928631 1.1434571743011475 45
1665393008169 1.1403189897537231 46
1665393088006 1.1369181871414185 47
1665393169092 1.1300488710403442 48
1665393250484 1.1283953189849854 49
1665393330516 1.12607741355896 50
1665393409520 1.1195286512374878 51
1665393489480 1.1135655641555786 52
1665393569051 1.1251707077026367 53
1665393648412 1.1142312288284302 54
1665393727730 1.1130948066711426 55
1665393808804 1.1099398136138916 56
1665393892460 1.1130059957504272 57
1665393976722 1.1108012199401855 58
1665394061888 1.1053000688552856 59
1665394145772 1.106589436531067 60
1665394230755 1.1036474704742432 61
1665394313946 1.1057974100112915 62
1665394399583 1.1011866331100464 63
1665394488525 1.1019830703735352 64
1665394570370 1.0927059650421143 65
1665394649359 1.0968369245529175 66
1665394728364 1.0988932847976685 67
1665394807074 1.0953750610351562 68
1665394886194 1.0992281436920166 69
1665394965383 1.0900189876556396 70
1665395045010 1.0840171575546265 71
1665395124112 1.0844459533691406 72
1665395202790 1.083556890487671 73
1665395281649 1.0808135271072388 74
1665395360616 1.0796397924423218 75
1665395440125 1.0780338048934937 76
1665395519302 1.0794748067855835 77
1665395598542 1.07589852809906 78
1665395677637 1.0745434761047363 79
1665395756709 1.0781193971633911 80
1665395836004 1.0784944295883179 81
1665395915373 1.0786725282669067 82
1665395995249 1.075984239578247 83
1665396075051 1.0758458375930786 84
1665396154988 1.0748735666275024 85
1665396234642 1.0714771747589111 86
1665396314523 1.068225622177124 87
1665396394163 1.0730159282684326 88
1665396473485 1.0732827186584473 89
1665396552507 1.0722397565841675 90
1665396633168 1.074691653251648 91
1665396713458 1.0718659162521362 92
1665396793797 1.0711802244186401 93
1665396873853 1.0715436935424805 94
1665396926031 1.0708026885986328 95
1665396978946 1.0745031833648682 96
1665397059349 1.071582555770874 97
1665397140560 1.06815505027771 98
1665397220521 1.0760499238967896 99
1665397300135 1.0694947242736816 100
1665397379756 1.0695927143096924 101
1665397458400 1.0721567869186401 102
1665397536912 1.0702348947525024 103
1665397615293 1.068260908126831 104
1665397694763 1.0693421363830566 105
1665397773742 1.067421793937683 106
1665397852367 1.070629596710205 107
1665397931440 1.0661494731903076 108
1665398010366 1.0689936876296997 109
1665398089249 1.0697646141052246 110
1665398167617 1.0673022270202637 111
1665398245988 1.06926429271698 112
1665398325483 1.0691702365875244 113
1665398404281 1.0702357292175293 114
1665398483382 1.0685248374938965 115
1665398563125 1.0674790143966675 116
1665398642731 1.0641804933547974 117
1665398722156 1.0668238401412964 118
1665398863276 1.0653997659683228 119
