1665389225112 7.377142299131218 0
1665389309192 3.3521957885788147 1
1665389394143 3.397168525251519 2
1665389477114 3.8395996351242063 3
1665389560880 4.064402819633484 4
1665389642031 4.288797392902604 5
1665389720688 4.439512231657582 6
1665389805608 4.4619192807905135 7
1665389889222 4.524011690770426 8
1665389972075 4.5281628139557375 9
1665390053249 4.499841733324912 10
1665390138058 4.460040607760029 11
1665390220932 4.516186001789139 12
1665390305709 4.471435836998813 13
1665390386265 4.457692326312085 14
1665390465943 4.3695140488176465 15
1665390549340 4.274726601489577 16
1665390630395 4.248404562233921 17
1665390709626 4.14438260702723 18
1665390795730 4.085897721439959 19
1665390875816 4.037918463830025 20
1665390956420 4.013863535658006 21
1665391038837 3.9741675238455496 22
1665391118706 3.946473563871076 23
1665391197989 3.8558144079100702 24
1665391282401 3.81433131980896 25
1665391364842 3.732369639308577 26
1665391449103 3.7194819584429024 27
1665391533399 3.677759730672262 28
1665391614802 3.653532328854603 29
1665391695670 3.61714805082145 30
1665391775551 3.5637105133638802 31
1665391858750 3.596211870032621 32
1665391943476 3.562970116253822 33
1665392024721 3.528858350169274 34
1665392109546 3.5021941020306815 35
1665392192081 3.497217833277691 36
1665392276861 3.4391324922262902 37
1665392362283 3.412653877258301 38
1665392441270 3.388966948755326 39
1665392521181 3.4752411323208965 40
1665392603129 3.572272497008603 41
1665392687706 3.6156850397347444 42
1665392767598 3.642469033658744 43
1665392848639 3.6688251294285417 44
1665392928631 3.700201963325102 45
1665393008169 3.7213774311494636 46
1665393088006 3.7164224410152817 47
1665393169092 3.7450135994342064 48
1665393250484 3.7415761088552744 49
1665393330516 3.7544903147075823 50
1665393409520 3.760755080369211 51
1665393489480 3.7576101764617675 52
1665393569051 3.73558399763452 53
1665393648412 3.7352845410266555 54
1665393727730 3.7394301326399346 55
1665393808804 3.7289881399836404 56
1665393892460 3.7227286507326913 57
1665393976722 3.704637013285993 58
1665394061888 3.719324604095704 59
1665394145772 3.699431463417758 60
1665394230755 3.7002980833053587 61
1665394313946 3.6822376567197135 62
1665394399583 3.680453761993163 63
1665394488525 3.6668645653032486 64
1665394570370 3.6632165851131564 65
1665394649359 3.6497754310407946 66
1665394728364 3.644875367802958 67
1665394807074 3.6369598911654566 68
1665394886194 3.6117544366467382 69
1665394965383 3.6298203189526834 70
1665395045010 3.6416446856226785 71
1665395124112 3.6363045977780137 72
1665395202790 3.6261687433188743 73
1665395281649 3.6375097137713723 74
1665395360616 3.638163884801249 75
1665395440125 3.6454135260907523 76
1665395519302 3.6326452412279733 77
1665395598542 3.6500198391067933 78
1665395677637 3.6533349502471184 79
1665395756709 3.6489000733821624 80
1665395836004 3.641193038994266 81
1665395915373 3.639922939000591 82
1665395995249 3.6523613901023406 83
1665396075051 3.6453008335756967 84
1665396154988 3.646272800054895 85
1665396234642 3.657963505710464 86
1665396314523 3.6634018268585207 87
1665396394163 3.653986196441344 88
1665396473485 3.6556868707602805 89
1665396552507 3.648746403605349 90
1665396633168 3.641588678283076 91
1665396713458 3.658817243191504 92
1665396793797 3.658316605514096 93
1665396873853 3.6643568148095924 94
1665396926031 3.659671281714995 95
1665396978946 3.640515888551153 96
1665397059349 3.6514830340343307 97
1665397140560 3.647514479227334 98
1665397220521 3.6289243246278455 99
1665397300135 3.646549901654643 100
1665397379756 3.6407555509283838 101
1665397458400 3.6326551023990876 102
1665397536912 3.643829550473921 103
1665397615293 3.643585403119364 104
1665397694763 3.6364060411453245 105
1665397773742 3.642020220737381 106
1665397852367 3.638814131418864 107
1665397931440 3.652130080992917 108
1665398010366 3.640148473073201 109
1665398089249 3.6302961659046913 110
1665398167617 3.6358652327224794 111
1665398245988 3.6285559687054594 112
1665398325483 3.63453221991359 113
1665398404281 3.618161727343836 114
1665398483382 3.6347449085404797 115
1665398563125 3.622811502456665 116
1665398642731 3.633716275893062 117
1665398722156 3.616119815642575 118
1665398863276 3.622529677119121 119
