1665389225112 18.71180016927451 0
1665389309192 11.893460277572693 1
1665389394143 11.556367690304675 2
1665389477114 11.939425376892089 3
1665389560880 12.176754722595215 4
1665389642031 12.468366358653608 5
1665389720688 12.539540348514434 6
1665389805608 12.474699385704533 7
1665389889222 12.36585299430355 8
1665389972075 12.254679314551815 9
1665390053249 12.034220087912775 10
1665390138058 11.79669492090902 11
1665390220932 11.663803288256787 12
1665390305709 11.437961517088864 13
1665390386265 11.202862314431064 14
1665390465943 10.984717438019901 15
1665390549340 10.668444744554389 16
1665390630395 10.513743967416296 17
1665390709626 10.236485688083143 18
1665390795730 10.006483223543588 19
1665390875816 9.770478433178317 20
1665390956420 9.621064997488453 21
1665391038837 9.432473094232622 22
1665391118706 9.268341783554323 23
1665391197989 9.048123290461879 24
1665391282401 8.889787578582764 25
1665391364842 8.667893095667582 26
1665391449103 8.550525266961401 27
1665391533399 8.436921962293756 28
1665391614802 8.290305750437051 29
1665391695670 8.168201339292718 30
1665391775551 8.077900319693079 31
1665391858750 7.9949562520865936 32
1665391943476 7.941717568905123 33
1665392024721 7.849146191150911 34
1665392109546 7.737989044572455 35
1665392192081 7.639583338695358 36
1665392276861 7.577417025125649 37
1665392362283 7.518687549591064 38
1665392441270 7.471087721086318 39
1665392521181 7.471865175231811 40
1665392603129 7.487981960955394 41
1665392687706 7.477748953194982 42
1665392767598 7.468492871786217 43
1665392848639 7.454378629784029 44
1665392928631 7.454883085197234 45
1665393008169 7.444810484307837 46
1665393088006 7.436075304406714 47
1665393169092 7.427244172942254 48
1665393250484 7.403858561264841 49
1665393330516 7.3851136697931326 50
1665393409520 7.380787353361806 51
1665393489480 7.349808020764087 52
1665393569051 7.3196578983322205 53
1665393648412 7.310710108423808 54
1665393727730 7.287936582144006 55
1665393808804 7.246035708002298 56
1665393892460 7.230560057613266 57
1665393976722 7.2172887813614075 58
1665394061888 7.199908338876134 59
1665394145772 7.170939629336438 60
1665394230755 7.1418673706054685 61
1665394313946 7.127290915293866 62
1665394399583 7.113558083652971 63
1665394488525 7.076473291843168 64
1665394570370 7.053046470688235 65
1665394649359 7.029410856385385 66
1665394728364 7.009495852455016 67
1665394807074 6.986510236417094 68
1665394886194 6.967456131212173 69
1665394965383 6.955629542950661 70
1665395045010 6.957827160157353 71
1665395124112 6.958113059461356 72
1665395202790 6.950843733814564 73
1665395281649 6.9509775493791714 74
1665395360616 6.9490429393706785 75
1665395440125 6.941286948790033 76
1665395519302 6.937474216323301 77
1665395598542 6.937856124586848 78
1665395677637 6.92709695331512 79
1665395756709 6.925763107115222 80
1665395836004 6.922527336305188 81
1665395915373 6.918795377977433 82
1665395995249 6.920009251100471 83
1665396075051 6.919848922744812 84
1665396154988 6.912174667220518 85
1665396234642 6.908697750673715 86
1665396314523 6.909259103775025 87
1665396394163 6.902560710906982 88
1665396473485 6.899666909746796 89
1665396552507 6.897043160581395 90
1665396633168 6.890163213975968 91
1665396713458 6.892794226446459 92
1665396793797 6.886355344326265 93
1665396873853 6.882575496612303 94
1665396926031 6.880947794780195 95
1665396978946 6.8765142988488375 96
1665397059349 6.867819791816803 97
1665397140560 6.869105509486064 98
1665397220521 6.861777021038916 99
1665397300135 6.864103767179674 100
1665397379756 6.857407734575999 101
1665397458400 6.850758383350987 102
1665397536912 6.850165728599794 103
1665397615293 6.845010663232496 104
1665397694763 6.839814445495605 105
1665397773742 6.839851714521048 106
1665397852367 6.836020406470241 107
1665397931440 6.831912065605562 108
1665398010366 6.826189113908025 109
1665398089249 6.823122339863931 110
1665398167617 6.819718843529581 111
1665398245988 6.809572362706729 112
1665398325483 6.8107767871106 113
1665398404281 6.804604514952628 114
1665398483382 6.802444561835258 115
1665398563125 6.797494789123535 116
1665398642731 6.796060602348971 117
1665398722156 6.787847584031193 118
1665398863276 6.788526004576779 119
