1665389225112 0.00035 0
1665389309192 3.5000000000000004e-05 1
1665389394143 7.000000000000001e-05 2
1665389477114 0.00010499999999999999 3
1665389560880 0.00014000000000000001 4
1665389642031 0.000175 5
1665389720688 0.00020999999999999998 6
1665389805608 0.000245 7
1665389889222 0.00028000000000000003 8
1665389972075 0.000315 9
1665390053249 0.00035 10
1665390138058 0.00035 11
1665390220932 0.00035 12
1665390305709 0.00035 13
1665390386265 0.00035 14
1665390465943 0.00035 15
1665390549340 0.00035 16
1665390630395 0.00035 17
1665390709626 0.00035 18
1665390795730 0.00035 19
1665390875816 0.00035 20
1665390956420 0.00035 21
1665391038837 0.00035 22
1665391118706 0.00035 23
1665391197989 0.00035 24
1665391282401 0.00035 25
1665391364842 0.00035 26
1665391449103 0.00035 27
1665391533399 0.00035 28
1665391614802 0.00035 29
1665391695670 0.00035 30
1665391775551 0.00035 31
1665391858750 0.00035 32
1665391943476 0.00035 33
1665392024721 0.00035 34
1665392109546 0.00035 35
1665392192081 0.00035 36
1665392276861 0.00035 37
1665392362283 0.00035 38
1665392441270 0.00035 39
1665392521181 3.5000000000000004e-05 40
1665392603129 3.5000000000000004e-05 41
1665392687706 3.5000000000000004e-05 42
1665392767598 3.5000000000000004e-05 43
1665392848639 3.5000000000000004e-05 44
1665392928631 3.5000000000000004e-05 45
1665393008169 3.5000000000000004e-05 46
1665393088006 3.5000000000000004e-05 47
1665393169092 3.5000000000000004e-05 48
1665393250484 3.5000000000000004e-05 49
1665393330516 3.5000000000000004e-05 50
1665393409520 3.5000000000000004e-05 51
1665393489480 3.5000000000000004e-05 52
1665393569051 3.5000000000000004e-05 53
1665393648412 3.5000000000000004e-05 54
1665393727730 3.5000000000000004e-05 55
1665393808804 3.5000000000000004e-05 56
1665393892460 3.5000000000000004e-05 57
1665393976722 3.5000000000000004e-05 58
1665394061888 3.5000000000000004e-05 59
1665394145772 3.5000000000000004e-05 60
1665394230755 3.5000000000000004e-05 61
1665394313946 3.5000000000000004e-05 62
1665394399583 3.5000000000000004e-05 63
1665394488525 3.5000000000000004e-05 64
1665394570370 3.5000000000000004e-05 65
1665394649359 3.5000000000000004e-05 66
1665394728364 3.5000000000000004e-05 67
1665394807074 3.5000000000000004e-05 68
1665394886194 3.5000000000000004e-05 69
1665394965383 3.5000000000000004e-06 70
1665395045010 3.5000000000000004e-06 71
1665395124112 3.5000000000000004e-06 72
1665395202790 3.5000000000000004e-06 73
1665395281649 3.5000000000000004e-06 74
1665395360616 3.5000000000000004e-06 75
1665395440125 3.5000000000000004e-06 76
1665395519302 3.5000000000000004e-06 77
1665395598542 3.5000000000000004e-06 78
1665395677637 3.5000000000000004e-06 79
1665395756709 3.5000000000000004e-06 80
1665395836004 3.5000000000000004e-06 81
1665395915373 3.5000000000000004e-06 82
1665395995249 3.5000000000000004e-06 83
1665396075051 3.5000000000000004e-06 84
1665396154988 3.5000000000000004e-06 85
1665396234642 3.5000000000000004e-06 86
1665396314523 3.5000000000000004e-06 87
1665396394163 3.5000000000000004e-06 88
1665396473485 3.5000000000000004e-06 89
1665396552507 3.5000000000000004e-06 90
1665396633168 3.5000000000000004e-06 91
1665396713458 3.5000000000000004e-06 92
1665396793797 3.5000000000000004e-06 93
1665396873853 3.5000000000000004e-06 94
1665396926031 3.5000000000000004e-06 95
1665396978946 3.5000000000000004e-06 96
1665397059349 3.5000000000000004e-06 97
1665397140560 3.5000000000000004e-06 98
1665397220521 3.5000000000000004e-06 99
1665397300135 3.5000000000000004e-06 100
1665397379756 3.5000000000000004e-06 101
1665397458400 3.5000000000000004e-06 102
1665397536912 3.5000000000000004e-06 103
1665397615293 3.5000000000000004e-06 104
1665397694763 3.5000000000000004e-06 105
1665397773742 3.5000000000000004e-06 106
1665397852367 3.5000000000000004e-06 107
1665397931440 3.5000000000000004e-06 108
1665398010366 3.5000000000000004e-06 109
1665398089249 3.5000000000000004e-06 110
1665398167617 3.5000000000000004e-06 111
1665398245988 3.5000000000000004e-06 112
1665398325483 3.5000000000000004e-06 113
1665398404281 3.5000000000000004e-06 114
1665398483382 3.5000000000000004e-06 115
1665398563125 3.5000000000000004e-06 116
1665398642731 3.5000000000000004e-06 117
1665398722156 3.5000000000000004e-06 118
1665398863276 3.5000000000000004e-06 119
