1665389225112 6.315670865606592 0
1665389309192 5.107427387352449 1
1665389394143 3.5597589020748215 2
1665389477114 2.442838713169098 3
1665389560880 1.9133489694595336 4
1665389642031 1.6929172492889037 5
1665389720688 1.5978585303791109 6
1665389805608 1.567143869496161 7
1665389889222 1.5220402642603843 8
1665389972075 1.5032830570013291 9
1665390053249 1.47538369028799 10
1665390138058 1.446890424816839 11
1665390220932 1.4076345450428116 12
1665390305709 1.4004213776454388 13
1665390386265 1.3675107367067452 14
1665390465943 1.3785137637073257 15
1665390549340 1.376793806332661 16
1665390630395 1.3515305610066917 17
1665390709626 1.363329713124348 18
1665390795730 1.351326607796083 19
1665390875816 1.339660428704754 20
1665390956420 1.328277503290484 21
1665391038837 1.3293633725373977 22
1665391118706 1.322943165898323 23
1665391197989 1.3184663066940923 24
1665391282401 1.314639506340027 25
1665391364842 1.3157480730110382 26
1665391449103 1.3062525499297912 27
1665391533399 1.2998960056458133 28
1665391614802 1.289880498824828 29
1665391695670 1.282937446272517 30
1665391775551 1.290939473244081 31
1665391858750 1.2823303090520652 32
1665391943476 1.2740939975746217 33
1665392024721 1.275974698605076 34
1665392109546 1.2743304379015084 35
1665392192081 1.258532673958315 36
1665392276861 1.2597445747459748 37
1665392362283 1.258630250930786 38
1665392441270 1.2619722399019426 39
1665392521181 1.2110954008756145 40
1665392603129 1.1489066862198243 41
1665392687706 1.1340302980568515 42
1665392767598 1.1279422983108276 43
1665392848639 1.1164092347325092 44
1665392928631 1.112423728268788 45
1665393008169 1.110856211329081 46
1665393088006 1.1061499760332836 47
1665393169092 1.1044963372330512 48
1665393250484 1.1026724036405926 49
1665393330516 1.101123983560786 50
1665393409520 1.0979729467822659 51
1665393489480 1.0947211042465455 52
1665393569051 1.0997038897740314 53
1665393648412 1.0933144059047162 54
1665393727730 1.092588234618007 55
1665393808804 1.0897072443521645 56
1665393892460 1.0909283687790714 57
1665393976722 1.0901628972057358 58
1665394061888 1.0860542935061168 59
1665394145772 1.0870417007002007 60
1665394230755 1.0864239854812623 61
1665394313946 1.0855072913878414 62
1665394399583 1.084003459497628 63
1665394488525 1.08420012602883 64
1665394570370 1.077984728159443 65
1665394649359 1.0797949375644806 66
1665394728364 1.0807733934733175 67
1665394807074 1.0788617845504516 68
1665394886194 1.0814142352150333 69
1665394965383 1.0739402746961964 70
1665395045010 1.0701299154136075 71
1665395124112 1.070765928571004 72
1665395202790 1.0701384274100485 73
1665395281649 1.0677263249269864 74
1665395360616 1.067619452072728 75
1665395440125 1.0655607162230465 76
1665395519302 1.0657492406875733 77
1665395598542 1.0644524437356666 78
1665395677637 1.063656807907166 79
1665395756709 1.0662881409929645 80
1665395836004 1.0662418387589916 81
1665395915373 1.0662525089517716 82
1665395995249 1.0643488609168423 83
1665396075051 1.0640545623848237 84
1665396154988 1.0619418654575885 85
1665396234642 1.0615883361862366 86
1665396314523 1.0596248106956483 87
1665396394163 1.0626991192499797 88
1665396473485 1.0625701867617094 89
1665396552507 1.062362525627198 90
1665396633168 1.0622122725171428 91
1665396713458 1.0617550996042067 92
1665396793797 1.0611255135267013 93
1665396873853 1.0616262184089447 94
1665396926031 1.0605871423660034 95
1665396978946 1.0629130147068375 96
1665397059349 1.0620089467749538 97
1665397140560 1.0587050622725582 98
1665397220521 1.0635486091336896 99
1665397300135 1.0604386372912316 100
1665397379756 1.0602615320060147 101
1665397458400 1.0608049943562476 102
1665397536912 1.060498641863946 103
1665397615293 1.0592022504537337 104
1665397694763 1.0598367357254028 105
1665397773742 1.0588749675865632 106
1665397852367 1.0596975030669247 107
1665397931440 1.0579710045014041 108
1665398010366 1.0591249556905296 109
1665398089249 1.0598696792317974 110
1665398167617 1.0581181811900273 111
1665398245988 1.059434774433553 112
1665398325483 1.058858272062248 113
1665398404281 1.060144855610786 114
1665398483382 1.0587646269029187 115
1665398563125 1.0581210622787476 116
1665398642731 1.0565673069781567 117
1665398722156 1.0574180931451331 118
1665398863276 1.056384420299147 119
