1665389225112 1.5576363947975587 0
1665389309192 0.6022826460710012 1
1665389394143 0.4160763637488147 2
1665389477114 0.2999108545035124 3
1665389560880 0.24581526654958724 4
1665389642031 0.21509258670500483 5
1665389720688 0.1894115956740514 6
1665389805608 0.19007433300477364 7
1665389889222 0.17441744181597907 8
1665389972075 0.1648644655942917 9
1665390053249 0.15598725772372657 10
1665390138058 0.14859082432644022 11
1665390220932 0.1270021358766709 12
1665390305709 0.1349625699670918 13
1665390386265 0.1161528938565867 14
1665390465943 0.1298008267449806 15
1665390549340 0.12649763540091763 16
1665390630395 0.11512940113683302 17
1665390709626 0.12772920259450335 18
1665390795730 0.12182613526542024 19
1665390875816 0.11653477211873378 20
1665390956420 0.11310467443939659 21
1665391038837 0.11452656628323658 22
1665391118706 0.11037488340310031 23
1665391197989 0.11162080704384754 24
1665391282401 0.11735729068517685 25
1665391364842 0.12236211737655253 26
1665391449103 0.12114762799088735 27
1665391533399 0.11264099553227425 28
1665391614802 0.10404088198540201 29
1665391695670 0.1096807254785036 30
1665391775551 0.1165074207876102 31
1665391858750 0.10022023061372669 32
1665391943476 0.10529343412828542 33
1665392024721 0.10728150202081568 34
1665392109546 0.10603266201883435 35
1665392192081 0.09858375605210722 36
1665392276861 0.10688206782362547 37
1665392362283 0.10406249687075615 38
1665392441270 0.11060742713931587 39
1665392521181 0.07071207842278865 40
1665392603129 0.043355950823869095 41
1665392687706 0.03691269318202892 42
1665392767598 0.03495190418269261 43
1665392848639 0.028336117560245906 44
1665392928631 0.026154480216254192 45
1665393008169 0.024984853828408152 46
1665393088006 0.026186228696122228 47
1665393169092 0.021167181026671204 48
1665393250484 0.02171145663087667 49
1665393330516 0.020993623957942853 50
1665393409520 0.0179292420375972 51
1665393489480 0.015718911351808102 52
1665393569051 0.021432625271948468 53
1665393648412 0.01763721571928526 54
1665393727730 0.01697441793409696 55
1665393808804 0.01692942069117803 56
1665393892460 0.018229873170215922 57
1665393976722 0.017150945542567228 58
1665394061888 0.01584690674600831 59
1665394145772 0.016373837344258665 60
1665394230755 0.014416713193058968 61
1665394313946 0.01711503987810219 62
1665394399583 0.014141011743780121 63
1665394488525 0.01465563787027232 64
1665394570370 0.01216760913150445 65
1665394649359 0.013954110503677399 66
1665394728364 0.014969080296014585 67
1665394807074 0.013751389413711524 68
1665394886194 0.014644657517032277 69
1665394965383 0.01317014331899343 70
1665395045010 0.01122335221872751 71
1665395124112 0.011071450140581552 72
1665395202790 0.011093247546116833 73
1665395281649 0.010731162179095543 74
1665395360616 0.009767171250836502 75
1665395440125 0.009795761712074998 76
1665395519302 0.011023645330385032 77
1665395598542 0.009284910622490457 78
1665395677637 0.008693253456224357 79
1665395756709 0.009569058885737773 80
1665395836004 0.01002694929258958 81
1665395915373 0.010167707749191792 82
1665395995249 0.009337276938449905 83
1665396075051 0.009488839626192567 84
1665396154988 0.010224343617876849 85
1665396234642 0.007820544562425959 86
1665396314523 0.006720198094844818 87
1665396394163 0.008297039667166859 88
1665396473485 0.008601304701706659 89
1665396552507 0.007872415450118814 90
1665396633168 0.009883278950808509 91
1665396713458 0.007981875723588371 92
1665396793797 0.007969968336363953 93
1665396873853 0.007928007338420454 94
1665396926031 0.008158145449965834 95
1665396978946 0.009283629197432813 96
1665397059349 0.007604705356809509 97
1665397140560 0.007420873351724273 98
1665397220521 0.010109237184928309 99
1665397300135 0.007072024693291995 100
1665397379756 0.007447599481985751 101
1665397458400 0.009015508867319553 102
1665397536912 0.007740485391789867 103
1665397615293 0.007091054895652398 104
1665397694763 0.0074759388118982315 105
1665397773742 0.006704607821372618 106
1665397852367 0.008731917062976274 107
1665397931440 0.00643680111531273 108
1665398010366 0.007796856294195336 109
1665398089249 0.007961459608087617 110
1665398167617 0.007231905543611117 111
1665398245988 0.007727098926479517 112
1665398325483 0.00813825573607621 113
1665398404281 0.00797431864174864 114
1665398483382 0.0076715003308509624 115
1665398563125 0.007505723372101784 116
1665398642731 0.005773990717997034 117
1665398722156 0.007464100378584191 118
1665398863276 0.007180505046942626 119
