1665389225112 0.890878031651179 0
1665389309192 0.36365502917144193 1
1665389394143 0.18524273909089795 2
1665389477114 0.10149245491717011 3
1665389560880 0.05866814254224301 4
1665389642031 0.036216141149237095 5
1665389720688 0.023525629382235028 6
1665389805608 0.016076000193284163 7
1665389889222 0.011763796122038676 8
1665389972075 0.009125815112999971 9
1665390053249 0.007410507737433598 10
1665390138058 0.006301301807510636 11
1665390220932 0.005680151839168316 12
1665390305709 0.005321790855078693 13
1665390386265 0.004886903455032103 14
1665390465943 0.004667734958223969 15
1665390549340 0.0044932583661144035 16
1665390630395 0.004235918459718127 17
1665390709626 0.0041048236529765475 18
1665390795730 0.003963669756404966 19
1665390875816 0.0038493026795256282 20
1665390956420 0.0036996756304776474 21
1665391038837 0.0036220248824270864 22
1665391118706 0.0035238390602546953 23
1665391197989 0.003392751817779255 24
1665391282401 0.003283969638869166 25
1665391364842 0.003199417922967469 26
1665391449103 0.0031074041867232226 27
1665391533399 0.0029729300545132064 28
1665391614802 0.002879593256733803 29
1665391695670 0.0028079086110504516 30
1665391775551 0.002741989944257351 31
1665391858750 0.002692727130804076 32
1665391943476 0.002626760786722204 33
1665392024721 0.00256830328820093 34
1665392109546 0.0024799644623520263 35
1665392192081 0.00242499119263651 36
1665392276861 0.0023647216588154017 37
1665392362283 0.0022969186333939434 38
1665392441270 0.0022700955028525523 39
1665392521181 0.0020125628366405445 40
1665392603129 0.0018024706879226737 41
1665392687706 0.0017501673175874784 42
1665392767598 0.0017154956335598327 43
1665392848639 0.0017006605462429214 44
1665392928631 0.0016886217142810605 45
1665393008169 0.001678841131511163 46
1665393088006 0.001682450680200564 47
1665393169092 0.0016616351673409582 48
1665393250484 0.0016630917838454126 49
1665393330516 0.0016511995830810686 50
1665393409520 0.0016504879660656556 51
1665393489480 0.0016252415270608172 52
1665393569051 0.001636242389260047 53
1665393648412 0.0016319547774247736 54
1665393727730 0.0016065291372168973 55
1665393808804 0.0016035667347560924 56
1665393892460 0.0015979925433293465 57
1665393976722 0.0015827673936195403 58
1665394061888 0.0015698754977636847 59
1665394145772 0.0015479798889700249 60
1665394230755 0.00154613604163751 61
1665394313946 0.001553510304963044 62
1665394399583 0.0015349092058291338 63
1665394488525 0.0015087868255983677 64
1665394570370 0.0014818800982245575 65
1665394649359 0.00148216464402785 66
1665394728364 0.001482430421146414 67
1665394807074 0.0014792646327424013 68
1665394886194 0.001466128903801643 69
1665394965383 0.0014329833450779739 70
1665395045010 0.0014038727198910702 71
1665395124112 0.0013880405287972715 72
1665395202790 0.0013918286464686094 73
1665395281649 0.0013853464203015693 74
1665395360616 0.001385393389594561 75
1665395440125 0.0013732375290962946 76
1665395519302 0.0013782514042284593 77
1665395598542 0.0013706838804667435 78
1665395677637 0.0013636632967034294 79
1665395756709 0.0013641116290067834 80
1665395836004 0.0013657734192336999 81
1665395915373 0.0013763865689754547 82
1665395995249 0.0013631523491433226 83
1665396075051 0.0013571305707261625 84
1665396154988 0.0013574358907128014 85
1665396234642 0.0013550602780453053 86
1665396314523 0.0013542006406933069 87
1665396394163 0.0013522196361929718 88
1665396473485 0.0013478227696845286 89
1665396552507 0.0013464757463770357 90
1665396633168 0.0013517269821492054 91
1665396713458 0.0013401963651337992 92
1665396793797 0.001345277577075326 93
1665396873853 0.001340786583280288 94
1665396926031 0.0013402397038385153 95
1665396978946 0.0013448527979526114 96
1665397059349 0.0013330513798448455 97
1665397140560 0.0013351293311577785 98
1665397220521 0.0013414646096099468 99
1665397300135 0.0013363124467545159 100
1665397379756 0.0013295440961715267 101
1665397458400 0.0013356428277010337 102
1665397536912 0.001330131417020194 103
1665397615293 0.0013266273806126969 104
1665397694763 0.0013236415963619947 105
1665397773742 0.001321808609412048 106
1665397852367 0.001330068443871915 107
1665397931440 0.0013192439345216535 108
1665398010366 0.001322734840102045 109
1665398089249 0.0013158348911900012 110
1665398167617 0.0013141494747703738 111
1665398245988 0.0013088877704032218 112
1665398325483 0.0013078435597170788 113
1665398404281 0.0013138447506090387 114
1665398483382 0.0013105054939871715 115
1665398563125 0.001309698001947254 116
1665398642731 0.0012978398653465402 117
1665398722156 0.0012959649030822348 118
1665398863276 0.001294267474651247 119
