1665370356746 1.1941290141888035 0
1665370424327 0.23397087951380652 1
1665370490790 0.1000887084116296 2
1665370557172 0.06814639083586815 3
1665370623930 0.04321315221675876 4
1665370690172 0.035226382451449954 5
1665370756479 0.028516219410954453 6
1665370822936 0.024940864530551 7
1665370889313 0.021921108288281574 8
1665370955498 0.024315021626605857 9
1665371022499 0.01796474087778933 10
1665371089709 0.0177941741580825 11
1665371162244 0.0155479965756367 12
1665371235827 0.014365658277600276 13
1665371305818 0.012968106997176642 14
1665371378774 0.01508056180036256 15
1665371454733 0.014294947999836195 16
1665371529208 0.012658473978773123 17
1665371601831 0.010806040427215943 18
1665371669671 0.01074344319285734 19
1665371737384 0.010952351758506422 20
1665371804122 0.013582334381232901 21
1665371871712 0.013100805058621053 22
1665371939869 0.013880158958547726 23
1665372007092 0.014150757006108306 24
1665372074826 0.014166581078727798 25
1665372143700 0.013786671973665435 26
1665372211921 0.01084160667762739 27
1665372280620 0.012379032761290125 28
1665372349059 0.014420296456210497 29
1665372417252 0.012951249872311586 30
1665372486932 0.01289775796478086 31
1665372554209 0.012306879174600287 32
1665372621112 0.011788467872070104 33
1665372695642 0.012077680584497569 34
1665372771989 0.013151536887800954 35
1665372852420 0.013556379359215498 36
1665372931478 0.013408484820669824 37
1665373010890 0.01189534270610927 38
1665373085619 0.01312617116959811 39
1665373155209 0.008140565802502196 40
1665373225267 0.00485202909941308 41
1665373294787 0.005056823457936526 42
1665373365925 0.0037196919248189504 43
1665373438706 0.0031703178308018277 44
1665373512345 0.003444661508973052 45
1665373582664 0.0026639505533683225 46
1665373651089 0.003158195579151918 47
1665373721007 0.002273144640550926 48
1665373793279 0.001519766597941041 49
1665373864001 0.0020980873281922804 50
1665373937175 0.0024278616109971425 51
1665374008882 0.0012033168533135477 52
1665374077435 0.00228632217750135 53
1665374144823 0.002041977021002733 54
1665374211249 0.0014836015372832374 55
1665374277712 0.0013670031482633487 56
1665374343827 0.0012324137622307912 57
1665374410300 0.0014428156878863114 58
1665374476574 0.0012092980817414638 59
1665374542776 0.002071548362614632 60
1665374608701 0.0011879339832447323 61
1665374674591 0.0009469058499876957 62
1665374741013 0.0015000270622805125 63
1665374808450 0.0015558029312495757 64
1665374874774 0.0014889012056954422 65
1665374941462 0.0014413978737209318 66
1665375008152 0.0008845721434765649 67
1665375074405 0.0009116407401473602 68
1665375140629 0.0012573030419511402 69
1665375207608 0.0010424206692089394 70
1665375273419 0.0008531757504861875 71
1665375339488 0.0007454943666280265 72
1665375405966 0.0011718764182793477 73
1665375472110 0.0013294683785316898 74
1665375539221 0.0011026456401665307 75
1665375606480 0.0009425044448557988 76
1665375672794 0.000951936423051648 77
1665375739056 0.0009826933445477085 78
1665375883683 0.0007401666300166853 79
1665375950270 0.0008573076619607646 80
1665376017231 0.000729463031379188 81
1665376083701 0.0008074078209153036 82
1665376150412 0.0006904721668944126 83
1665376216826 0.0008580856519274231 84
1665376284315 0.0005641120468925048 85
1665376350805 0.0007460960620722058 86
1665376417159 0.0005321865901350975 87
1665376483845 0.0004963206536159283 88
1665376550254 0.00042218252017003736 89
1665376616901 0.001347305914159955 90
1665376684449 0.000642390100699963 91
1665376750925 0.000557766046102454 92
1665376817561 0.0007792788514052517 93
1665376884173 0.0006685662424055542 94
1665376950952 0.0005404081794705878 95
1665377018211 0.000755336972007763 96
1665377085946 0.0010067466601223042 97
1665377152724 0.0004994070555255251 98
1665377219485 0.0005728003966793852 99
1665377286505 0.0008474970375551138 100
1665377353228 0.0006125872500422525 101
1665377420240 0.000815336768813793 102
1665377487691 0.0007977871587727127 103
1665377554352 0.000569700928995522 104
1665377620851 0.0006956087617094026 105
1665377687202 0.0008252371129963328 106
1665377754350 0.0007973587496750943 107
1665377821971 0.0008683937095394991 108
1665377889548 0.00047407163897665534 109
1665377956110 0.0005810885156345804 110
1665378022785 0.00041848466072867555 111
1665378089536 0.0007611768104408572 112
1665378156299 0.0006431023930994476 113
1665378223620 0.0005786337903927921 114
1665378290674 0.000792905842749084 115
1665378357204 0.00085215597532735 116
1665378424025 0.0007033278847612985 117
1665378490585 0.0004784110774535958 118
1665378635431 0.0006332216148332852 119
