1665370356746 10.096421241760254 0
1665370424327 6.560600757598877 1
1665370490790 4.691402912139893 2
1665370557172 3.464719533920288 3
1665370623930 2.620530128479004 4
1665370690172 2.1920456886291504 5
1665370756479 1.9553433656692505 6
1665370822936 1.8363206386566162 7
1665370889313 1.7763491868972778 8
1665370955498 1.7539361715316772 9
1665371022499 1.6563103199005127 10
1665371089709 1.5889055728912354 11
1665371162244 1.5522300004959106 12
1665371235827 1.5188151597976685 13
1665371305818 1.481676697731018 14
1665371378774 1.4899860620498657 15
1665371454733 1.4806456565856934 16
1665371529208 1.4727628231048584 17
1665371601831 1.4363634586334229 18
1665371669671 1.4334105253219604 19
1665371737384 1.438106894493103 20
1665371804122 1.4460411071777344 21
1665371871712 1.437133550643921 22
1665371939869 1.4494149684906006 23
1665372007092 1.4522225856781006 24
1665372074826 1.42908775806427 25
1665372143700 1.4282587766647339 26
1665372211921 1.399991512298584 27
1665372280620 1.420266032218933 28
1665372349059 1.4237172603607178 29
1665372417252 1.4165303707122803 30
1665372486932 1.3916980028152466 31
1665372554209 1.3858568668365479 32
1665372621112 1.3850592374801636 33
1665372695642 1.3820136785507202 34
1665372771989 1.4054973125457764 35
1665372852420 1.3828215599060059 36
1665372931478 1.3952393531799316 37
1665373010890 1.3659234046936035 38
1665373085619 1.3725630044937134 39
1665373155209 1.2887225151062012 40
1665373225267 1.2004061937332153 41
1665373294787 1.187293529510498 42
1665373365925 1.1730802059173584 43
1665373438706 1.1608257293701172 44
1665373512345 1.151267409324646 45
1665373582664 1.1425772905349731 46
1665373651089 1.1427209377288818 47
1665373721007 1.1365946531295776 48
1665373793279 1.1294496059417725 49
1665373864001 1.1316519975662231 50
1665373937175 1.1360846757888794 51
1665374008882 1.1217668056488037 52
1665374077435 1.125144600868225 53
1665374144823 1.123398780822754 54
1665374211249 1.1180610656738281 55
1665374277712 1.116935133934021 56
1665374343827 1.113476037979126 57
1665374410300 1.1148701906204224 58
1665374476574 1.1125445365905762 59
1665374542776 1.1135056018829346 60
1665374608701 1.1120706796646118 61
1665374674591 1.1063036918640137 62
1665374741013 1.1075952053070068 63
1665374808450 1.1089059114456177 64
1665374874774 1.1054902076721191 65
1665374941462 1.1044567823410034 66
1665375008152 1.0997411012649536 67
1665375074405 1.0982694625854492 68
1665375140629 1.1024177074432373 69
1665375207608 1.0951554775238037 70
1665375273419 1.0910471677780151 71
1665375339488 1.0903267860412598 72
1665375405966 1.090715765953064 73
1665375472110 1.0891940593719482 74
1665375539221 1.0898795127868652 75
1665375606480 1.088490605354309 76
1665375672794 1.0828715562820435 77
1665375739056 1.0843169689178467 78
1665375883683 1.0830919742584229 79
1665375950270 1.084235668182373 80
1665376017231 1.0850577354431152 81
1665376083701 1.0832774639129639 82
1665376150412 1.07818603515625 83
1665376216826 1.0818554162979126 84
1665376284315 1.0786221027374268 85
1665376350805 1.0786030292510986 86
1665376417159 1.0790369510650635 87
1665376483845 1.0775636434555054 88
1665376550254 1.0781551599502563 89
1665376616901 1.0832431316375732 90
1665376684449 1.0791583061218262 91
1665376750925 1.0782885551452637 92
1665376817561 1.0804235935211182 93
1665376884173 1.0787969827651978 94
1665376950952 1.0787487030029297 95
1665377018211 1.0784586668014526 96
1665377085946 1.0778940916061401 97
1665377152724 1.0772907733917236 98
1665377219485 1.076165795326233 99
1665377286505 1.0798320770263672 100
1665377353228 1.0755027532577515 101
1665377420240 1.076304316520691 102
1665377487691 1.0786148309707642 103
1665377554352 1.0754936933517456 104
1665377620851 1.0768778324127197 105
1665377687202 1.0780690908432007 106
1665377754350 1.0760184526443481 107
1665377821971 1.0775880813598633 108
1665377889548 1.0725823640823364 109
1665377956110 1.0747263431549072 110
1665378022785 1.0724326372146606 111
1665378089536 1.0753785371780396 112
1665378156299 1.073167324066162 113
1665378223620 1.0739837884902954 114
1665378290674 1.0754138231277466 115
1665378357204 1.0766321420669556 116
1665378424025 1.0735816955566406 117
1665378490585 1.0723061561584473 118
1665378635431 1.0749281644821167 119
