1665370356746 8.800611743649233 0
1665370424327 3.249992771056092 1
1665370490790 2.6904867870051685 2
1665370557172 2.6912726227830097 3
1665370623930 2.8110230492382513 4
1665370690172 2.914717678907441 5
1665370756479 2.9428586134096473 6
1665370822936 2.9900651675898855 7
1665370889313 2.968718639234217 8
1665370955498 2.9844687333921107 9
1665371022499 2.9498661238972734 10
1665371089709 2.906017477919416 11
1665371162244 2.8615935867272535 12
1665371235827 2.826714857613168 13
1665371305818 2.760785679700898 14
1665371378774 2.745770180109635 15
1665371454733 2.7018769531715208 16
1665371529208 2.6673138664989935 17
1665371601831 2.6252255090853063 18
1665371669671 2.589512715688566 19
1665371737384 2.533773666474877 20
1665371804122 2.4770833876074816 21
1665371871712 2.428659889174671 22
1665371939869 2.387640860022568 23
1665372007092 2.3476434056351825 24
1665372074826 2.2896576834887994 25
1665372143700 2.2709907872005575 26
1665372211921 2.2312911575280348 27
1665372280620 2.20645376182184 28
1665372349059 2.1595983243570096 29
1665372417252 2.118296690684993 30
1665372486932 2.086222426484271 31
1665372554209 2.049565727536271 32
1665372621112 2.03527192139044 33
1665372695642 2.010261056481338 34
1665372771989 1.9900879848350599 35
1665372852420 1.9531013803574646 36
1665372931478 1.9448229178641607 37
1665373010890 1.9065431998771372 38
1665373085619 1.9022389481707318 39
1665373155209 1.8507034278497463 40
1665373225267 1.8258623977986779 41
1665373294787 1.8271881428737085 42
1665373365925 1.8233364820480347 43
1665373438706 1.8124681525114106 44
1665373512345 1.8141889513992682 45
1665373582664 1.8146906021164684 46
1665373651089 1.8140191996969828 47
1665373721007 1.8079740111420795 48
1665373793279 1.806458763127188 49
1665373864001 1.8034142278930516 50
1665373937175 1.8093872151328523 51
1665374008882 1.793977244888864 52
1665374077435 1.7964124516742985 53
1665374144823 1.7897691872061752 54
1665374211249 1.7817172783177073 55
1665374277712 1.7766372081710071 56
1665374343827 1.7647571721497703 57
1665374410300 1.7681651793274225 58
1665374476574 1.7516425754965805 59
1665374542776 1.7509910571865919 60
1665374608701 1.7451270742743623 61
1665374674591 1.7340284135996127 62
1665374741013 1.7264159592186532 63
1665374808450 1.7261939482781494 64
1665374874774 1.7158103903520454 65
1665374941462 1.7055176930520142 66
1665375008152 1.6967055687626589 67
1665375074405 1.6959038932149004 68
1665375140629 1.6939702929520026 69
1665375207608 1.6818532711122094 70
1665375273419 1.6795374418006224 71
1665375339488 1.678816425449708 72
1665375405966 1.670707908490809 73
1665375472110 1.6742219994707805 74
1665375539221 1.6728795726322434 75
1665375606480 1.6731766514407778 76
1665375672794 1.661050136496381 77
1665375739056 1.6642296046745486 78
1665375883683 1.6653400089682602 79
1665375950270 1.6631072056002734 80
1665376017231 1.662595951266405 81
1665376083701 1.6579640568756475 82
1665376150412 1.6510536653239554 83
1665376216826 1.6516889793116871 84
1665376284315 1.6523900549586226 85
1665376350805 1.650105423787061 86
1665376417159 1.6475611930968714 87
1665376483845 1.6467585761372636 88
1665376550254 1.6443276957767765 89
1665376616901 1.6515117354509308 90
1665376684449 1.650118621965734 91
1665376750925 1.6474160258362933 92
1665376817561 1.6421088364066148 93
1665376884173 1.6412683428787604 94
1665376950952 1.6437055017889999 95
1665377018211 1.63583473615276 96
1665377085946 1.6319789863327174 97
1665377152724 1.6379250415320534 98
1665377219485 1.6337846251367365 99
1665377286505 1.6379989687989398 100
1665377353228 1.6285105647110358 101
1665377420240 1.6279873819027133 102
1665377487691 1.626748389732547 103
1665377554352 1.6264320995749497 104
1665377620851 1.62890527528875 105
1665377687202 1.6317860110133302 106
1665377754350 1.6247294585681655 107
1665377821971 1.6230532457527604 108
1665377889548 1.6134187977488448 109
1665377956110 1.6211967049575433 110
1665378022785 1.6226257655678726 111
1665378089536 1.6194779105302763 112
1665378156299 1.6133432900033347 113
1665378223620 1.614070417822861 114
1665378290674 1.6162669943600165 115
1665378357204 1.6169018908244808 116
1665378424025 1.608806319934566 117
1665378490585 1.612876781603185 118
1665378635431 1.6110224752891353 119
