1665370356746 8.389874092583517 0
1665370424327 4.02769635719003 1
1665370490790 3.8727486889536786 2
1665370557172 4.0297642661304005 3
1665370623930 4.3663265053818865 4
1665370690172 4.521116721920851 5
1665370756479 4.603066690956674 6
1665370822936 4.662408798496898 7
1665370889313 4.6736636580490485 8
1665370955498 4.688903071240681 9
1665371022499 4.707501011359982 10
1665371089709 4.695438266381985 11
1665371162244 4.638679902530411 12
1665371235827 4.630688129983297 13
1665371305818 4.571401209947539 14
1665371378774 4.518798325825664 15
1665371454733 4.462610077276462 16
1665371529208 4.429743727242075 17
1665371601831 4.392693973169094 18
1665371669671 4.357785700588692 19
1665371737384 4.273714328393703 20
1665371804122 4.150757161582389 21
1665371871712 4.118825952018179 22
1665371939869 4.021417065364559 23
1665372007092 3.9717555790412717 24
1665372074826 3.89114614463434 25
1665372143700 3.8626409722763357 26
1665372211921 3.8595825329567623 27
1665372280620 3.795238882157861 28
1665372349059 3.708548588869048 29
1665372417252 3.6750745028984255 30
1665372486932 3.6261872175263195 31
1665372554209 3.610514454725312 32
1665372621112 3.5625531103552843 33
1665372695642 3.5528832679841575 34
1665372771989 3.499661728016381 35
1665372852420 3.4473617910181433 36
1665372931478 3.4304043031433253 37
1665373010890 3.415405616019536 38
1665373085619 3.415029097766411 39
1665373155209 3.4544380676455613 40
1665373225267 3.5211352069203445 41
1665373294787 3.569573713737784 42
1665373365925 3.60244594201809 43
1665373438706 3.6271307305591862 44
1665373512345 3.651668226428148 45
1665373582664 3.6819813135193615 46
1665373651089 3.6694667816162108 47
1665373721007 3.6815248314927262 48
1665373793279 3.7028375840881496 49
1665373864001 3.7045783568354484 50
1665373937175 3.686203905679647 51
1665374008882 3.7062819248292502 52
1665374077435 3.714796983904955 53
1665374144823 3.723578811273342 54
1665374211249 3.71258693671808 55
1665374277712 3.7157806001058438 56
1665374343827 3.7024704346469806 57
1665374410300 3.7048807927206453 58
1665374476574 3.6859609045633457 59
1665374542776 3.691255569458008 60
1665374608701 3.682544965370029 61
1665374674591 3.6720483326444437 62
1665374741013 3.663797016841609 63
1665374808450 3.6653600375629165 64
1665374874774 3.645782205664996 65
1665374941462 3.6424802449143048 66
1665375008152 3.6487706506136552 67
1665375074405 3.6581065212808004 68
1665375140629 3.638027448188968 69
1665375207608 3.6312817934082777 70
1665375273419 3.632774360039655 71
1665375339488 3.6436118904282067 72
1665375405966 3.6369247959881292 73
1665375472110 3.6380779173316027 74
1665375539221 3.6345653013118264 75
1665375606480 3.6486029578644095 76
1665375672794 3.6560531476648843 77
1665375739056 3.637760385652868 78
1665375883683 3.6494877919918154 79
1665375950270 3.63780340450566 80
1665376017231 3.6376852221605254 81
1665376083701 3.6482472152244756 82
1665376150412 3.6477317158768816 83
1665376216826 3.638852870755079 84
1665376284315 3.6448244804289285 85
1665376350805 3.6413529328271452 86
1665376417159 3.6358606125794206 87
1665376483845 3.6458835834410133 88
1665376550254 3.644564364596111 89
1665376616901 3.6333372337062184 90
1665376684449 3.633688026521264 91
1665376750925 3.6506597972497707 92
1665376817561 3.6420057645658166 93
1665376884173 3.640374001061044 94
1665376950952 3.6469553272898603 95
1665377018211 3.6401402232716387 96
1665377085946 3.631805640979878 97
1665377152724 3.632139837857589 98
1665377219485 3.6340461633737804 99
1665377286505 3.6233588590854553 100
1665377353228 3.6352522640693476 101
1665377420240 3.631863967886249 102
1665377487691 3.6193043045881317 103
1665377554352 3.6235556241942617 104
1665377620851 3.6162807649257136 105
1665377687202 3.614842513028313 106
1665377754350 3.6161201972405888 107
1665377821971 3.6182994877250447 108
1665377889548 3.623681075398515 109
1665377956110 3.622410840522952 110
1665378022785 3.6343024335256437 111
1665378089536 3.6188048793048395 112
1665378156299 3.6087882076821676 113
1665378223620 3.6237166241901675 114
1665378290674 3.5971960649257753 115
1665378357204 3.6052333517772395 116
1665378424025 3.6230786777124173 117
1665378490585 3.6068552575460293 118
1665378635431 3.612450690385772 119
