1665370356746 20.22685488913823 0
1665370424327 12.824290178354504 1
1665370490790 12.07834528015881 2
1665370557172 12.135051662165944 3
1665370623930 12.504893735559975 4
1665370690172 12.624932521727027 5
1665370756479 12.673368747059891 6
1665370822936 12.666700232901224 7
1665370889313 12.553743111214986 8
1665370955498 12.473646601234995 9
1665371022499 12.37575170935654 10
1665371089709 12.087783078449528 11
1665371162244 11.874124337168572 12
1665371235827 11.695630120068062 13
1665371305818 11.488583406587926 14
1665371378774 11.257349643892455 15
1665371454733 11.04117434431867 16
1665371529208 10.863401664175639 17
1665371601831 10.676413159254121 18
1665371669671 10.444475564724062 19
1665371737384 10.223971283145067 20
1665371804122 9.976633899967846 21
1665371871712 9.794272725175066 22
1665371939869 9.56030812612394 23
1665372007092 9.413244270696872 24
1665372074826 9.211645754372201 25
1665372143700 9.03260785167657 26
1665372211921 8.8831010975884 27
1665372280620 8.740595101147163 28
1665372349059 8.567373536272747 29
1665372417252 8.434257107246212 30
1665372486932 8.264683825795244 31
1665372554209 8.168657367985423 32
1665372621112 8.064458125975074 33
1665372695642 7.960385873841076 34
1665372771989 7.8381532627402 35
1665372852420 7.732902663425334 36
1665372931478 7.670035556682105 37
1665373010890 7.59193936829428 38
1665373085619 7.5233834708609235 39
1665373155209 7.484531172310434 40
1665373225267 7.493321455978766 41
1665373294787 7.499087067483698 42
1665373365925 7.491802327225848 43
1665373438706 7.493380728000548 44
1665373512345 7.477870108441609 45
1665373582664 7.477535489710366 46
1665373651089 7.455448008746636 47
1665373721007 7.446758630799084 48
1665373793279 7.43937762964119 49
1665373864001 7.420213178523536 50
1665373937175 7.4044276695807 51
1665374008882 7.389660409601723 52
1665374077435 7.370909907178181 53
1665374144823 7.353822017297512 54
1665374211249 7.332315905501203 55
1665374277712 7.31323013305664 56
1665374343827 7.289012219391617 57
1665374410300 7.2633142938800885 58
1665374476574 7.240109418078167 59
1665374542776 7.216656584855987 60
1665374608701 7.1867254551719215 61
1665374674591 7.170632350678537 62
1665374741013 7.149672743169273 63
1665374808450 7.132709102723205 64
1665374874774 7.105403353867022 65
1665374941462 7.088115090305365 66
1665375008152 7.074663324263489 67
1665375074405 7.04339629847829 68
1665375140629 7.027832984924316 69
1665375207608 7.009271926414676 70
1665375273419 7.011894004017699 71
1665375339488 7.008366886307211 72
1665375405966 7.005465191166575 73
1665375472110 7.001107785759903 74
1665375539221 6.997872917397508 75
1665375606480 6.997596307865624 76
1665375672794 6.996683357983101 77
1665375739056 6.991578253304086 78
1665375883683 6.987687657519085 79
1665375950270 6.985049838554568 80
1665376017231 6.982801116385111 81
1665376083701 6.983226557475764 82
1665376150412 6.977517328029726 83
1665376216826 6.977711037891667 84
1665376284315 6.972940956673971 85
1665376350805 6.96592142535191 86
1665376417159 6.964412163285648 87
1665376483845 6.961795088139976 88
1665376550254 6.95615048990017 89
1665376616901 6.951725136361471 90
1665376684449 6.946900632904797 91
1665376750925 6.946905924634236 92
1665376817561 6.945869631883575 93
1665376884173 6.940422555876941 94
1665376950952 6.935358889509992 95
1665377018211 6.933385950847737 96
1665377085946 6.933908409285314 97
1665377152724 6.929689948998608 98
1665377219485 6.927516196537944 99
1665377286505 6.923534905038228 100
1665377353228 6.920851902845429 101
1665377420240 6.910116385487677 102
1665377487691 6.904577171511766 103
1665377554352 6.896544095946521 104
1665377620851 6.8940049807230634 105
1665377687202 6.891121812895233 106
1665377754350 6.8914127535033 107
1665377821971 6.888890379840888 108
1665377889548 6.887750153425263 109
1665377956110 6.8782161480043 110
1665378022785 6.87931602989755 111
1665378089536 6.873035921701571 112
1665378156299 6.868405353732225 113
1665378223620 6.865567637652886 114
1665378290674 6.857275278975324 115
1665378357204 6.858942948318109 116
1665378424025 6.855681938078345 117
1665378490585 6.848002938526433 118
1665378635431 6.845333657613614 119
