1665370356746 0.00035 0
1665370424327 3.5000000000000004e-05 1
1665370490790 7.000000000000001e-05 2
1665370557172 0.00010499999999999999 3
1665370623930 0.00014000000000000001 4
1665370690172 0.000175 5
1665370756479 0.00020999999999999998 6
1665370822936 0.000245 7
1665370889313 0.00028000000000000003 8
1665370955498 0.000315 9
1665371022499 0.00035 10
1665371089709 0.00035 11
1665371162244 0.00035 12
1665371235827 0.00035 13
1665371305818 0.00035 14
1665371378774 0.00035 15
1665371454733 0.00035 16
1665371529208 0.00035 17
1665371601831 0.00035 18
1665371669671 0.00035 19
1665371737384 0.00035 20
1665371804122 0.00035 21
1665371871712 0.00035 22
1665371939869 0.00035 23
1665372007092 0.00035 24
1665372074826 0.00035 25
1665372143700 0.00035 26
1665372211921 0.00035 27
1665372280620 0.00035 28
1665372349059 0.00035 29
1665372417252 0.00035 30
1665372486932 0.00035 31
1665372554209 0.00035 32
1665372621112 0.00035 33
1665372695642 0.00035 34
1665372771989 0.00035 35
1665372852420 0.00035 36
1665372931478 0.00035 37
1665373010890 0.00035 38
1665373085619 0.00035 39
1665373155209 3.5000000000000004e-05 40
1665373225267 3.5000000000000004e-05 41
1665373294787 3.5000000000000004e-05 42
1665373365925 3.5000000000000004e-05 43
1665373438706 3.5000000000000004e-05 44
1665373512345 3.5000000000000004e-05 45
1665373582664 3.5000000000000004e-05 46
1665373651089 3.5000000000000004e-05 47
1665373721007 3.5000000000000004e-05 48
1665373793279 3.5000000000000004e-05 49
1665373864001 3.5000000000000004e-05 50
1665373937175 3.5000000000000004e-05 51
1665374008882 3.5000000000000004e-05 52
1665374077435 3.5000000000000004e-05 53
1665374144823 3.5000000000000004e-05 54
1665374211249 3.5000000000000004e-05 55
1665374277712 3.5000000000000004e-05 56
1665374343827 3.5000000000000004e-05 57
1665374410300 3.5000000000000004e-05 58
1665374476574 3.5000000000000004e-05 59
1665374542776 3.5000000000000004e-05 60
1665374608701 3.5000000000000004e-05 61
1665374674591 3.5000000000000004e-05 62
1665374741013 3.5000000000000004e-05 63
1665374808450 3.5000000000000004e-05 64
1665374874774 3.5000000000000004e-05 65
1665374941462 3.5000000000000004e-05 66
1665375008152 3.5000000000000004e-05 67
1665375074405 3.5000000000000004e-05 68
1665375140629 3.5000000000000004e-05 69
1665375207608 3.5000000000000004e-06 70
1665375273419 3.5000000000000004e-06 71
1665375339488 3.5000000000000004e-06 72
1665375405966 3.5000000000000004e-06 73
1665375472110 3.5000000000000004e-06 74
1665375539221 3.5000000000000004e-06 75
1665375606480 3.5000000000000004e-06 76
1665375672794 3.5000000000000004e-06 77
1665375739056 3.5000000000000004e-06 78
1665375883683 3.5000000000000004e-06 79
1665375950270 3.5000000000000004e-06 80
1665376017231 3.5000000000000004e-06 81
1665376083701 3.5000000000000004e-06 82
1665376150412 3.5000000000000004e-06 83
1665376216826 3.5000000000000004e-06 84
1665376284315 3.5000000000000004e-06 85
1665376350805 3.5000000000000004e-06 86
1665376417159 3.5000000000000004e-06 87
1665376483845 3.5000000000000004e-06 88
1665376550254 3.5000000000000004e-06 89
1665376616901 3.5000000000000004e-06 90
1665376684449 3.5000000000000004e-06 91
1665376750925 3.5000000000000004e-06 92
1665376817561 3.5000000000000004e-06 93
1665376884173 3.5000000000000004e-06 94
1665376950952 3.5000000000000004e-06 95
1665377018211 3.5000000000000004e-06 96
1665377085946 3.5000000000000004e-06 97
1665377152724 3.5000000000000004e-06 98
1665377219485 3.5000000000000004e-06 99
1665377286505 3.5000000000000004e-06 100
1665377353228 3.5000000000000004e-06 101
1665377420240 3.5000000000000004e-06 102
1665377487691 3.5000000000000004e-06 103
1665377554352 3.5000000000000004e-06 104
1665377620851 3.5000000000000004e-06 105
1665377687202 3.5000000000000004e-06 106
1665377754350 3.5000000000000004e-06 107
1665377821971 3.5000000000000004e-06 108
1665377889548 3.5000000000000004e-06 109
1665377956110 3.5000000000000004e-06 110
1665378022785 3.5000000000000004e-06 111
1665378089536 3.5000000000000004e-06 112
1665378156299 3.5000000000000004e-06 113
1665378223620 3.5000000000000004e-06 114
1665378290674 3.5000000000000004e-06 115
1665378357204 3.5000000000000004e-06 116
1665378424025 3.5000000000000004e-06 117
1665378490585 3.5000000000000004e-06 118
1665378635431 3.5000000000000004e-06 119
