1665370356746 6.389576189726302 0
1665370424327 5.312315139955687 1
1665370490790 3.9803568386450046 2
1665370557172 2.9581896723770513 3
1665370623930 2.2734081378797204 4
1665370690172 1.91167805078553 5
1665370756479 1.72444866052488 6
1665370822936 1.632416433822818 7
1665370889313 1.595733404159546 8
1665370955498 1.5696091820554035 9
1665371022499 1.505098230664323 10
1665371089709 1.448740749242829 11
1665371162244 1.42258141573193 12
1665371235827 1.3988200100456796 13
1665371305818 1.3730214683020987 14
1665371378774 1.3738717436790466 15
1665371454733 1.369467121217309 16
1665371529208 1.3650870660456216 17
1665371601831 1.3403762305655131 18
1665371669671 1.341381965032438 19
1665371737384 1.3421671559170978 20
1665371804122 1.3371529765245391 21
1665371871712 1.3333579179717274 22
1665371939869 1.3395142572682077 23
1665372007092 1.342132074076955 24
1665372074826 1.3213203808156455 25
1665372143700 1.3222962351678644 26
1665372211921 1.3089970923164516 27
1665372280620 1.3167973419515098 28
1665372349059 1.3148850708473019 29
1665372417252 1.310450237553294 30
1665372486932 1.2886604070663452 31
1665372554209 1.2897538632881351 32
1665372621112 1.2866306223520418 33
1665372695642 1.284547555737379 34
1665372771989 1.2993855401150232 35
1665372852420 1.2807717404319245 36
1665372931478 1.2863585156144448 37
1665373010890 1.2692531781289185 38
1665373085619 1.2728200336781943 39
1665373155209 1.2218818327275718 40
1665373225267 1.1575421397278949 41
1665373294787 1.145802437101753 42
1665373365925 1.1370344958654264 43
1665373438706 1.1292358875274657 44
1665373512345 1.1233906687759772 45
1665373582664 1.1183027302346578 46
1665373651089 1.1164804493508689 47
1665373721007 1.1134680143216762 48
1665373793279 1.109081393885381 49
1665373864001 1.1098210828975565 50
1665373937175 1.1110196877451777 51
1665374008882 1.1036670492916572 52
1665374077435 1.1033880088387467 53
1665374144823 1.1028808006426183 54
1665374211249 1.0998815100367476 55
1665374277712 1.0995413262669633 56
1665374343827 1.0959597703288584 57
1665374410300 1.0973376006472344 58
1665374476574 1.0966500119465152 59
1665374542776 1.0953953806946917 60
1665374608701 1.0956338784273933 61
1665374674591 1.092417072431714 62
1665374741013 1.0913048779092185 63
1665374808450 1.0923747275639506 64
1665374874774 1.0903263722808616 65
1665374941462 1.088797521243975 66
1665375008152 1.0863426622835177 67
1665375074405 1.0853911923199164 68
1665375140629 1.0873975806119964 69
1665375207608 1.0827166225852036 70
1665375273419 1.079476196976269 71
1665375339488 1.0781266858764724 72
1665375405966 1.0777963184728856 73
1665375472110 1.0757355596961045 74
1665375539221 1.076806790041692 75
1665375606480 1.076367077896896 76
1665375672794 1.0723235124494972 77
1665375739056 1.0720157902415206 78
1665375883683 1.0730487457135829 79
1665375950270 1.0734676646023262 80
1665376017231 1.0735996339379288 81
1665376083701 1.0726810292499822 82
1665376150412 1.069021448274938 83
1665376216826 1.0710487319201958 84
1665376284315 1.0690492304359995 85
1665376350805 1.06945428369092 86
1665376417159 1.0695356527964275 87
1665376483845 1.069002475971129 88
1665376550254 1.068951082811123 89
1665376616901 1.0712575098363364 90
1665376684449 1.0702183037269406 91
1665376750925 1.0697645582803865 92
1665376817561 1.0704360735125658 93
1665376884173 1.068851427334111 94
1665376950952 1.0695849546572058 95
1665377018211 1.0692545835254261 96
1665377085946 1.0668943165575417 97
1665377152724 1.0684014136351427 98
1665377219485 1.0672642594402275 99
1665377286505 1.068922323715396 100
1665377353228 1.0670941515666683 101
1665377420240 1.0671111310569985 102
1665377487691 1.068064120920693 103
1665377554352 1.0672578026608723 104
1665377620851 1.0676510246361004 105
1665377687202 1.068810030525806 106
1665377754350 1.0661329713839929 107
1665377821971 1.0673387363119033 108
1665377889548 1.0652182195244766 109
1665377956110 1.0657294418753647 110
1665378022785 1.0651331099068246 111
1665378089536 1.0663069975085375 112
1665378156299 1.064675790507619 113
1665378223620 1.0651384970036948 114
1665378290674 1.0661043428793187 115
1665378357204 1.0672466987516822 116
1665378424025 1.0644329198976843 117
1665378490585 1.0647390063216047 118
1665378635431 1.0657613323956001 119
