1665370356746 0.9594469779324764 0
1665370424327 0.4339322893003237 1
1665370490790 0.24962610178059194 2
1665370557172 0.1563411898502126 3
1665370623930 0.1045272602699697 4
1665370690172 0.07319455472979604 5
1665370756479 0.05320670035008977 6
1665370822936 0.04008780201533582 7
1665370889313 0.03090636889427537 8
1665370955498 0.024772422072454923 9
1665371022499 0.02014617611449666 10
1665371089709 0.016638289260246405 11
1665371162244 0.013988759147129881 12
1665371235827 0.01207459868363491 13
1665371305818 0.010474983452842004 14
1665371378774 0.00932642674069056 15
1665371454733 0.00839353484760334 16
1665371529208 0.0076752521177163215 17
1665371601831 0.0070136844362245826 18
1665371669671 0.006517758951863138 19
1665371737384 0.0060330239158668895 20
1665371804122 0.005621814936762903 21
1665371871712 0.005270556467244538 22
1665371939869 0.004963453882941749 23
1665372007092 0.004720497687869683 24
1665372074826 0.004383812801594414 25
1665372143700 0.004241280183105648 26
1665372211921 0.004022596853794259 27
1665372280620 0.0038785240294911512 28
1665372349059 0.00368773476788547 29
1665372417252 0.0034980186670109993 30
1665372486932 0.0033559807633027072 31
1665372554209 0.0031919300306315827 32
1665372621112 0.00309954488241091 33
1665372695642 0.0029952767180142607 34
1665372771989 0.0029221785388145486 35
1665372852420 0.002784720928299702 36
1665372931478 0.0027108269198842854 37
1665373010890 0.002590991077420202 38
1665373085619 0.0025252507386229386 39
1665373155209 0.0022356305873339494 40
1665373225267 0.0019694696174843646 41
1665373294787 0.0018588901040804328 42
1665373365925 0.0018037099430973573 43
1665373438706 0.0017559205278436221 44
1665373512345 0.0017172355210499429 45
1665373582664 0.0016922309097447774 46
1665373651089 0.0016830851982642964 47
1665373721007 0.0016511466956084095 48
1665373793279 0.0016432217196832655 49
1665373864001 0.0016304200393084474 50
1665373937175 0.0016334412113121412 51
1665374008882 0.0016023644263197373 52
1665374077435 0.001599085433181466 53
1665374144823 0.0015841737832510616 54
1665374211249 0.0015754441310447164 55
1665374277712 0.001558260979108149 56
1665374343827 0.0015381640165715532 57
1665374410300 0.0015533869405843172 58
1665374476574 0.0015230719164786178 59
1665374542776 0.0015240636370258361 60
1665374608701 0.0015010282736244228 61
1665374674591 0.0014954616513112378 62
1665374741013 0.0014675025339806226 63
1665374808450 0.0014696555823603085 64
1665374874774 0.001455348694258487 65
1665374941462 0.0014430289891394742 66
1665375008152 0.0014314413425575905 67
1665375074405 0.0014249392319470645 68
1665375140629 0.001420981077500051 69
1665375207608 0.0013929254545762045 70
1665375273419 0.0013569393628916028 71
1665375339488 0.0013474352970518464 72
1665375405966 0.0013353239267882777 73
1665375472110 0.0013275309772480552 74
1665375539221 0.0013294512489629747 75
1665375606480 0.001339508609357968 76
1665375672794 0.0013139360936404 77
1665375739056 0.0013148809788839483 78
1665375883683 0.0013145945455152086 79
1665375950270 0.0013153480575987843 80
1665376017231 0.0013139008334269973 81
1665376083701 0.0013107497818631733 82
1665376150412 0.0012982716471547397 83
1665376216826 0.0012907995098474913 84
1665376284315 0.0012929761969688825 85
1665376350805 0.0012905299937462106 86
1665376417159 0.0012940864738387365 87
1665376483845 0.0012854235405783828 88
1665376550254 0.0012866090949079612 89
1665376616901 0.0013058096159067822 90
1665376684449 0.0012935192432118262 91
1665376750925 0.0012799295023219978 92
1665376817561 0.001285876347910522 93
1665376884173 0.0012826292043006638 94
1665376950952 0.0012772281171481421 95
1665377018211 0.0012781392569310094 96
1665377085946 0.0012740385944692834 97
1665377152724 0.0012727351893119297 98
1665377219485 0.0012718514122240679 99
1665377286505 0.0012774150040591272 100
1665377353228 0.0012644404818008585 101
1665377420240 0.0012600010038281166 102
1665377487691 0.0012542951346670346 103
1665377554352 0.001261477278568214 104
1665377620851 0.0012660666229659873 105
1665377687202 0.001263121435733731 106
1665377754350 0.0012568161496214424 107
1665377821971 0.0012536882383305833 108
1665377889548 0.0012464494268387193 109
1665377956110 0.0012580083529805629 110
1665378022785 0.001245793509410649 111
1665378089536 0.0012510440829096407 112
1665378156299 0.0012398341982966152 113
1665378223620 0.0012394201050217196 114
1665378290674 0.0012463126064664344 115
1665378357204 0.001242761876116075 116
1665378424025 0.0012319713172207517 117
1665378490585 0.0012411950973839295 118
1665378635431 0.0012342173151853608 119
