1665370356746 1.5532701304815348 0
1665370424327 0.5803822228341426 1
1665370490790 0.3613309094091741 2
1665370557172 0.2820423704095003 3
1665370623930 0.199381670991822 4
1665370690172 0.17194672375917436 5
1665370756479 0.14917180634489874 6
1665370822936 0.13887552664410777 7
1665370889313 0.12778834293528302 8
1665370955498 0.1352396046879088 9
1665371022499 0.11310116067165282 10
1665371089709 0.1057325034788469 11
1665371162244 0.10011166663279811 12
1665371235827 0.09355504216580857 13
1665371305818 0.08521207367501608 14
1665371378774 0.09170729071986906 15
1665371454733 0.08848998031419952 16
1665371529208 0.08734205523278656 17
1665371601831 0.07816736904858816 18
1665371669671 0.07476732212959267 19
1665371737384 0.07895443953755425 20
1665371804122 0.08968386166706317 21
1665371871712 0.08540430374261809 22
1665371939869 0.09105701689131376 23
1665372007092 0.09121930591943787 24
1665372074826 0.08921687468522932 25
1665372143700 0.08793456024191912 26
1665372211921 0.0761302261459596 27
1665372280620 0.08721122552708882 28
1665372349059 0.09072400726287103 29
1665372417252 0.08963080762726505 30
1665372486932 0.08678386530316458 31
1665372554209 0.08060422843185867 32
1665372621112 0.08354050033703082 33
1665372695642 0.08239314521594746 34
1665372771989 0.09003805199149743 35
1665372852420 0.08570871219147468 36
1665372931478 0.09276156606677088 37
1665373010890 0.08218380553846799 38
1665373085619 0.0840915810680244 39
1665373155209 0.05646443655032937 40
1665373225267 0.036042543745985846 41
1665373294787 0.034575484394665484 42
1665373365925 0.030522289899427717 43
1665373438706 0.026663662186573917 44
1665373512345 0.022714951006332185 45
1665373582664 0.019918372235743602 46
1665373651089 0.021399132441445368 47
1665373721007 0.019202307084711587 48
1665373793279 0.017205301945739725 49
1665373864001 0.01810237575996016 50
1665373937175 0.021003645451008163 51
1665374008882 0.015294050639949557 52
1665374077435 0.01787115587801786 53
1665374144823 0.01689183324938867 54
1665374211249 0.015120519180185865 55
1665374277712 0.014468509769748623 56
1665374343827 0.014745623895934984 57
1665374410300 0.01453635404765259 58
1665374476574 0.013162169451314229 59
1665374542776 0.014514586517996177 60
1665374608701 0.01374779572235603 61
1665374674591 0.01144414956170116 62
1665374741013 0.013322717370465397 63
1665374808450 0.013505677339390319 64
1665374874774 0.012219595724832067 65
1665374941462 0.012774811811785856 66
1665375008152 0.011082481984523785 67
1665375074405 0.010541645452243889 68
1665375140629 0.012341856799747159 69
1665375207608 0.010003620432263877 70
1665375273419 0.009360783717306285 71
1665375339488 0.01010706560348398 72
1665375405966 0.010412273322027632 73
1665375472110 0.010801565381357582 74
1665375539221 0.010640574504454051 75
1665375606480 0.009841562562975043 76
1665375672794 0.008282153927380355 77
1665375739056 0.010003587675973683 78
1665375883683 0.007988356262524953 79
1665375950270 0.008595287674156347 80
1665376017231 0.009414765798407266 81
1665376083701 0.008478199978353364 82
1665376150412 0.007175831108285887 83
1665376216826 0.00865778264088454 84
1665376284315 0.007715809045262953 85
1665376350805 0.0071121390695528435 86
1665376417159 0.007675010792274193 87
1665376483845 0.0067794512371353735 88
1665376550254 0.007495289229469873 89
1665376616901 0.009332545800702419 90
1665376684449 0.007004067008369375 91
1665376750925 0.006686251945140567 92
1665376817561 0.007922400133229974 93
1665376884173 0.007994337302132896 94
1665376950952 0.007346064358006981 95
1665377018211 0.007170488102169701 96
1665377085946 0.008718918925332069 97
1665377152724 0.007117217857598607 98
1665377219485 0.007056837074203729 99
1665377286505 0.008784780520150757 100
1665377353228 0.006531525181788133 101
1665377420240 0.007117874711272713 102
1665377487691 0.008498622829139959 103
1665377554352 0.006404713750000555 104
1665377620851 0.007265128291585236 105
1665377687202 0.007170688592832805 106
1665377754350 0.00783123005830312 107
1665377821971 0.008127256210667556 108
1665377889548 0.005643692842355316 109
1665377956110 0.0071578002870654285 110
1665378022785 0.005635192072609576 111
1665378089536 0.007059303192683018 112
1665378156299 0.0066087202183198095 113
1665378223620 0.007027229618156192 114
1665378290674 0.007270313701989902 115
1665378357204 0.007290495364648495 116
1665378424025 0.007213412397881833 117
1665378490585 0.00584755800465667 118
1665378635431 0.007299396250306106 119
