1665378768136 1.149836093766018 0
1665378834668 0.22945128689583355 1
1665378900776 0.10746127981238249 2
1665378967160 0.0620760952554098 3
1665379033334 0.044816367648451066 4
1665379100614 0.03526907398751596 5
1665379166770 0.0309337944576017 6
1665379221352 0.02714293661822633 7
1665379264708 0.022082636691629888 8
1665379317234 0.022401378653580096 9
1665379383390 0.020346375863726545 10
1665379449462 0.016532686046074805 11
1665379516891 0.018040717149259877 12
1665379582911 0.012543562589576694 13
1665379649099 0.015028496104769591 14
1665379715509 0.014267109458795885 15
1665379781644 0.01284942498782695 16
1665379847759 0.012762238242004703 17
1665379914804 0.010199307425447354 18
1665379981056 0.012117894776960517 19
1665380047198 0.011076549539433383 20
1665380113367 0.013246643678966637 21
1665380180140 0.014666248017513171 22
1665380246218 0.012630107471287795 23
1665380313270 0.013896176261009602 24
1665380379236 0.012623600365889326 25
1665380446039 0.014637354250490954 26
1665380512716 0.01300457916616686 27
1665380578892 0.011711783352855979 28
1665380645249 0.012443391485821183 29
1665380712258 0.013241601010739077 30
1665380778702 0.013607718414632694 31
1665380844768 0.01543775798139594 32
1665380911004 0.01282010401269739 33
1665380977208 0.012674509313116531 34
1665381046199 0.012370103855591348 35
1665381114752 0.012488752259936148 36
1665381183409 0.011518759051681433 37
1665381250158 0.012087749751867926 38
1665381316509 0.0136893286312953 39
1665381383070 0.007862903407161555 40
1665381451735 0.005489945040288859 41
1665381520048 0.004158571259077927 42
1665381586280 0.003209787478852199 43
1665381652813 0.0028727448440338597 44
1665381719414 0.00428640382455253 45
1665381786584 0.0020475431231827272 46
1665381854628 0.0022152293836925087 47
1665381922604 0.002902351293880379 48
1665381990154 0.0018659714267202608 49
1665382056848 0.0019260689721316171 50
1665382124317 0.001936577404600577 51
1665382191164 0.0017093293232525266 52
1665382258804 0.0020819812044132182 53
1665382328073 0.002058601208462766 54
1665382397179 0.0014782450604820397 55
1665382466341 0.0018952690045031288 56
1665382536651 0.0015157686475682638 57
1665382606983 0.0014269720670520602 58
1665382677169 0.0011689461018072396 59
1665382746163 0.0016828865312585016 60
1665382814091 0.0014256839292333917 61
1665382882989 0.0012663629981141318 62
1665382951799 0.0013875738286027095 63
1665383020639 0.001348546587693809 64
1665383091233 0.0016511084188484515 65
1665383166132 0.0016122698211404993 66
1665383237271 0.0009777190869287543 67
1665383307257 0.0014379218112813626 68
1665383379456 0.000930122486507327 69
1665383450217 0.0012858860945348946 70
1665383521224 0.001252749790414693 71
1665383590934 0.0008064496602552632 72
1665383657409 0.0010065707718817198 73
1665383723733 0.0013793408779836282 74
1665383791109 0.0010092298972682612 75
1665383859482 0.000699458965914125 76
1665383932258 0.0011845021803931492 77
1665384000938 0.0010402417764431094 78
1665384150514 0.0007035913014012139 79
1665384220579 0.001206067439577565 80
1665384292052 0.000787076170033798 81
1665384360266 0.0008561630125679985 82
1665384428195 0.0008550666908665401 83
1665384495367 0.0012205304765346937 84
1665384566842 0.0007085463088914389 85
1665384635512 0.0009196127910970472 86
1665384703138 0.000491844313835506 87
1665384771315 0.0005694051250451948 88
1665384838883 0.0005861263608605397 89
1665384908166 0.0013901684387791447 90
1665384979447 0.0011365309863055988 91
1665385053394 0.0007682913834819706 92
1665385122374 0.0010298952397822243 93
1665385193864 0.0007759685037521327 94
1665385261291 0.0006307457869009274 95
1665385334033 0.0007024361464891184 96
1665385403188 0.000732104345993365 97
1665385477331 0.0006356406889096337 98
1665385550724 0.0004930755573333901 99
1665385620015 0.0006637753120896111 100
1665385693349 0.0004813045615375769 101
1665385762738 0.0007382398335606728 102
1665385830607 0.0006692288061547116 103
1665385897656 0.0005226848300591838 104
1665385964402 0.0005960918999477929 105
1665386030991 0.0005512592410120894 106
1665386098424 0.0006904797337483615 107
1665386165664 0.0008413276316663611 108
1665386233429 0.000597260528806279 109
1665386300026 0.0007371710772376235 110
1665386367104 0.00031035155818865794 111
1665386433918 0.0008091375890483217 112
1665386500523 0.0005427916656450047 113
1665386566937 0.0006369288133389158 114
1665386634583 0.0013595469372642294 115
1665386701367 0.0009586889376273243 116
1665386768157 0.00046325244844277823 117
1665386835210 0.0005528320830951377 118
1665386983394 0.0006324903973841063 119
