1665378768136 7.678502274948416 0
1665378834668 3.586705041163176 1
1665378900776 3.6659151147051556 2
1665378967160 4.022996566353775 3
1665379033334 4.2596382804033235 4
1665379100614 4.388670709656506 5
1665379166770 4.474504037019683 6
1665379221352 4.533267684099151 7
1665379264708 4.581350079978384 8
1665379317234 4.555981682568062 9
1665379383390 4.591520983998368 10
1665379449462 4.595233417138821 11
1665379516891 4.530074907738028 12
1665379582911 4.545114847508873 13
1665379649099 4.479097145359691 14
1665379715509 4.422588763885128 15
1665379781644 4.405010118717101 16
1665379847759 4.372537134914864 17
1665379914804 4.319554230061973 18
1665379981056 4.252804602646246 19
1665380047198 4.175917116025599 20
1665380113367 4.083298948334485 21
1665380180140 4.027020707944544 22
1665380246218 3.9369116038810916 23
1665380313270 3.9276507842831494 24
1665380379236 3.8567402560536452 25
1665380446039 3.797040866416635 26
1665380512716 3.707884846381771 27
1665380578892 3.7218140322987625 28
1665380645249 3.6745514730127846 29
1665380712258 3.621026591556828 30
1665380778702 3.575211344695673 31
1665380844768 3.5300550658528396 32
1665380911004 3.4923095482151685 33
1665380977208 3.5102725982666017 34
1665381046199 3.4731205065273545 35
1665381114752 3.457337768332472 36
1665381183409 3.4321021802217055 37
1665381250158 3.427457981896632 38
1665381316509 3.375397178603382 39
1665381383070 3.451645998838471 40
1665381451735 3.503326026404776 41
1665381520048 3.552692878593519 42
1665381586280 3.601168216147074 43
1665381652813 3.6210606423819938 44
1665381719414 3.638803763505889 45
1665381786584 3.663738527530577 46
1665381854628 3.668531466693413 47
1665381922604 3.688207118104144 48
1665381990154 3.691428095391653 49
1665382056848 3.710360501576396 50
1665382124317 3.7044018159792262 51
1665382191164 3.720636317788101 52
1665382258804 3.718321599029913 53
1665382328073 3.709014583215481 54
1665382397179 3.7016163186329165 55
1665382466341 3.704666057447108 56
1665382536651 3.7053357117316303 57
1665382606983 3.715091992827023 58
1665382677169 3.6877190787617753 59
1665382746163 3.709299416658355 60
1665382814091 3.6990319747550813 61
1665382882989 3.694453032577739 62
1665382951799 3.66824817541169 63
1665383020639 3.6795216011769565 64
1665383091233 3.6655690438539077 65
1665383166132 3.6594762153995846 66
1665383237271 3.6382497711089052 67
1665383307257 3.632849928227867 68
1665383379456 3.625545236541004 69
1665383450217 3.635561836056593 70
1665383521224 3.622795911396251 71
1665383590934 3.6532381422379436 72
1665383657409 3.6396941324559653 73
1665383723733 3.6499610191438254 74
1665383791109 3.6466524681998687 75
1665383859482 3.649994095552315 76
1665383932258 3.654006014800653 77
1665384000938 3.636786370161103 78
1665384150514 3.6497963079592077 79
1665384220579 3.642682533729367 80
1665384292052 3.6498168759229705 81
1665384360266 3.652640736975321 82
1665384428195 3.6535851408795614 83
1665384495367 3.645238743758783 84
1665384566842 3.6504268681130756 85
1665384635512 3.6519799571411284 86
1665384703138 3.6444474295073865 87
1665384771315 3.658125402869248 88
1665384838883 3.6508862553573236 89
1665384908166 3.6384521600676747 90
1665384979447 3.6296389917048013 91
1665385053394 3.65062681988972 92
1665385122374 3.6334782030524275 93
1665385193864 3.645670332559725 94
1665385261291 3.6452352523803713 95
1665385334033 3.6504133175877693 96
1665385403188 3.6328645146008833 97
1665385477331 3.643698919166639 98
1665385550724 3.63777882150076 99
1665385620015 3.6370408488482964 100
1665385693349 3.6342017790166343 101
1665385762738 3.6498736941698686 102
1665385830607 3.632853371922563 103
1665385897656 3.6380247639446726 104
1665385964402 3.6293823999517105 105
1665386030991 3.6382808755425846 106
1665386098424 3.6287285066345363 107
1665386165664 3.639893313056057 108
1665386233429 3.6259430943465816 109
1665386300026 3.6221142803750386 110
1665386367104 3.6415005486185956 111
1665386433918 3.626373837633831 112
1665386500523 3.6172506274246587 113
1665386566937 3.618413029647455 114
1665386634583 3.6101044945600558 115
1665386701367 3.6068761325464016 116
1665386768157 3.6207723908308074 117
1665386835210 3.616514151270797 118
1665386983394 3.6190108031761357 119
