1665378768136 9.989649772644043 0
1665378834668 6.547521114349365 1
1665378900776 4.728277206420898 2
1665378967160 3.4242939949035645 3
1665379033334 2.6418309211730957 4
1665379100614 2.1914100646972656 5
1665379166770 1.9635746479034424 6
1665379221352 1.8495255708694458 7
1665379264708 1.7647483348846436 8
1665379317234 1.7084825038909912 9
1665379383390 1.658748745918274 10
1665379449462 1.5818644762039185 11
1665379516891 1.5606058835983276 12
1665379582911 1.4956953525543213 13
1665379649099 1.5134971141815186 14
1665379715509 1.4979363679885864 15
1665379781644 1.4612045288085938 16
1665379847759 1.4548906087875366 17
1665379914804 1.421399474143982 18
1665379981056 1.4447518587112427 19
1665380047198 1.4332369565963745 20
1665380113367 1.443398118019104 21
1665380180140 1.468835473060608 22
1665380246218 1.4460185766220093 23
1665380313270 1.4206501245498657 24
1665380379236 1.4212678670883179 25
1665380446039 1.438982367515564 26
1665380512716 1.4179900884628296 27
1665380578892 1.401484489440918 28
1665380645249 1.3997695446014404 29
1665380712258 1.4115514755249023 30
1665380778702 1.412858009338379 31
1665380844768 1.4075348377227783 32
1665380911004 1.3894736766815186 33
1665380977208 1.3826903104782104 34
1665381046199 1.392194390296936 35
1665381114752 1.3822575807571411 36
1665381183409 1.373313069343567 37
1665381250158 1.3706721067428589 38
1665381316509 1.3811781406402588 39
1665381383070 1.2813862562179565 40
1665381451735 1.2078710794448853 41
1665381520048 1.1820414066314697 42
1665381586280 1.1697918176651 43
1665381652813 1.1580365896224976 44
1665381719414 1.1574705839157104 45
1665381786584 1.141811728477478 46
1665381854628 1.1416687965393066 47
1665381922604 1.1389694213867188 48
1665381990154 1.1324830055236816 49
1665382056848 1.1330054998397827 50
1665382124317 1.1298325061798096 51
1665382191164 1.1225874423980713 52
1665382258804 1.1235846281051636 53
1665382328073 1.1211366653442383 54
1665382397179 1.1200196743011475 55
1665382466341 1.1224497556686401 56
1665382536651 1.114848256111145 57
1665382606983 1.1143426895141602 58
1665382677169 1.1136305332183838 59
1665382746163 1.1092959642410278 60
1665382814091 1.1136809587478638 61
1665382882989 1.1104509830474854 62
1665382951799 1.1054741144180298 63
1665383020639 1.1075724363327026 64
1665383091233 1.1023383140563965 65
1665383166132 1.1043016910552979 66
1665383237271 1.1033796072006226 67
1665383307257 1.1028144359588623 68
1665383379456 1.0995121002197266 69
1665383450217 1.0963859558105469 70
1665383521224 1.0961391925811768 71
1665383590934 1.087429404258728 72
1665383657409 1.0889359712600708 73
1665383723733 1.0873199701309204 74
1665383791109 1.0887620449066162 75
1665383859482 1.0844769477844238 76
1665383932258 1.084621787071228 77
1665384000938 1.0852471590042114 78
1665384150514 1.0845599174499512 79
1665384220579 1.0837327241897583 80
1665384292052 1.0830938816070557 81
1665384360266 1.0834710597991943 82
1665384428195 1.082600712776184 83
1665384495367 1.0838830471038818 84
1665384566842 1.0823293924331665 85
1665384635512 1.0811806917190552 86
1665384703138 1.0786315202713013 87
1665384771315 1.0780138969421387 88
1665384838883 1.0796440839767456 89
1665384908166 1.0825072526931763 90
1665384979447 1.0818920135498047 91
1665385053394 1.0775991678237915 92
1665385122374 1.080657958984375 93
1665385193864 1.0795657634735107 94
1665385261291 1.079452633857727 95
1665385334033 1.0770853757858276 96
1665385403188 1.080008625984192 97
1665385477331 1.0765951871871948 98
1665385550724 1.0768046379089355 99
1665385620015 1.0791867971420288 100
1665385693349 1.0763211250305176 101
1665385762738 1.0756709575653076 102
1665385830607 1.0781784057617188 103
1665385897656 1.0772703886032104 104
1665385964402 1.0744843482971191 105
1665386030991 1.0743913650512695 106
1665386098424 1.0778477191925049 107
1665386165664 1.0756208896636963 108
1665386233429 1.076372742652893 109
1665386300026 1.0769398212432861 110
1665386367104 1.0703871250152588 111
1665386433918 1.0768338441848755 112
1665386500523 1.0750426054000854 113
1665386566937 1.078189492225647 114
1665386634583 1.0754486322402954 115
1665386701367 1.0774710178375244 116
1665386768157 1.0729120969772339 117
1665386835210 1.0750693082809448 118
1665386983394 1.0736101865768433 119
