1665378768136 8.095192869890083 0
1665378834668 2.873219249317947 1
1665378900776 2.5508924426102055 2
1665378967160 2.6478489364065774 3
1665379033334 2.7412378462349496 4
1665379100614 2.8119133239839136 5
1665379166770 2.864969678041412 6
1665379221352 2.8895245086856005 7
1665379264708 2.893428211677365 8
1665379317234 2.8802717767110684 9
1665379383390 2.88741582312235 10
1665379449462 2.834454614360158 11
1665379516891 2.796651126111595 12
1665379582911 2.761160585356922 13
1665379649099 2.734839862730445 14
1665379715509 2.67666021481301 15
1665379781644 2.659828584950145 16
1665379847759 2.6163290489010693 17
1665379914804 2.5502561685515612 18
1665379981056 2.5347112713790523 19
1665380047198 2.478747209688512 20
1665380113367 2.4251427662081833 21
1665380180140 2.401428493639318 22
1665380246218 2.3317998874478225 23
1665380313270 2.3018695063707306 24
1665380379236 2.253862482163964 25
1665380446039 2.2299350083452985 26
1665380512716 2.1646223612202022 27
1665380578892 2.13961470010804 28
1665380645249 2.116745744100431 29
1665380712258 2.093243128497426 30
1665380778702 2.051912828189571 31
1665380844768 2.031388684598411 32
1665380911004 1.9915556651789967 33
1665380977208 1.9864062565128977 34
1665381046199 1.9690765385488862 35
1665381114752 1.9476631839298508 36
1665381183409 1.9267558096681985 37
1665381250158 1.9126384310351991 38
1665381316509 1.8993273089571696 39
1665381383070 1.8371681492503096 40
1665381451735 1.8125153750908085 41
1665381520048 1.8113745954430218 42
1665381586280 1.8032915301439238 43
1665381652813 1.8074112019887785 44
1665381719414 1.808836246118313 45
1665381786584 1.808516227326742 46
1665381854628 1.8143002353063444 47
1665381922604 1.8134637437215666 48
1665381990154 1.8029880824598294 49
1665382056848 1.8098920826773042 50
1665382124317 1.7999274209865088 51
1665382191164 1.7919618414669503 52
1665382258804 1.7942040094515173 53
1665382328073 1.7890635118251894 54
1665382397179 1.7770007918520672 55
1665382466341 1.7768798926981484 56
1665382536651 1.7776040896481158 57
1665382606983 1.7674698362163468 58
1665382677169 1.7591844523825297 59
1665382746163 1.7555442792613332 60
1665382814091 1.753059840669819 61
1665382882989 1.7442474160708634 62
1665382951799 1.7244736776119325 63
1665383020639 1.7236559228989685 64
1665383091233 1.7157771830419892 65
1665383166132 1.7087069790340164 66
1665383237271 1.6998722871530403 67
1665383307257 1.6901760525819731 68
1665383379456 1.6863469222696816 69
1665383450217 1.67997645924731 70
1665383521224 1.6806765222081952 71
1665383590934 1.667771108010236 72
1665383657409 1.6690686109589368 73
1665383723733 1.669071476052447 74
1665383791109 1.6739536043509697 75
1665383859482 1.6657289989943642 76
1665383932258 1.6626892967921931 77
1665384000938 1.667332214843936 78
1665384150514 1.6650672371794537 79
1665384220579 1.6650579871200935 80
1665384292052 1.6618906875935997 81
1665384360266 1.6615733460682194 82
1665384428195 1.657715705545937 83
1665384495367 1.6587923055741844 84
1665384566842 1.656946832959245 85
1665384635512 1.651723421087452 86
1665384703138 1.6497793817052655 87
1665384771315 1.6433333350390922 88
1665384838883 1.6478188258845632 89
1665384908166 1.6520426616436097 90
1665384979447 1.6493289662570487 91
1665385053394 1.6451109304660705 92
1665385122374 1.6477647909303992 93
1665385193864 1.643909940487001 94
1665385261291 1.6416265196916533 95
1665385334033 1.6379702710410924 96
1665385403188 1.6391498521693701 97
1665385477331 1.636976907554182 98
1665385550724 1.6365371259670813 99
1665385620015 1.637128934627626 100
1665385693349 1.6324604615932559 101
1665385762738 1.634480037156818 102
1665385830607 1.6309064155671655 103
1665385897656 1.6368514520366018 104
1665385964402 1.6278739443012313 105
1665386030991 1.6247458469633962 106
1665386098424 1.633083574980208 107
1665386165664 1.6243889505423388 108
1665386233429 1.6253234857466163 109
1665386300026 1.626613647763322 110
1665386367104 1.6195324897766112 111
1665386433918 1.6244266463489068 112
1665386500523 1.6186165536322246 113
1665386566937 1.6236426522092122 114
1665386634583 1.6203699937680873 115
1665386701367 1.6166755257583245 116
1665386768157 1.6092087629364757 117
1665386835210 1.6146517555888107 118
1665386983394 1.6133162021636962 119
