1665378768136 19.18152059166177 0
1665378834668 12.09462496840838 1
1665378900776 11.701120883662526 2
1665378967160 11.993237141865055 3
1665379033334 12.238516495867474 4
1665379100614 12.397763377864186 5
1665379166770 12.435162148824553 6
1665379221352 12.417333649425972 7
1665379264708 12.299675490216512 8
1665379317234 12.187346035096704 9
1665379383390 12.001892545746594 10
1665379449462 11.771696467515898 11
1665379516891 11.552340840830386 12
1665379582911 11.419489376719405 13
1665379649099 11.210535035482268 14
1665379715509 10.967157229636479 15
1665379781644 10.806308109004323 16
1665379847759 10.638549832599919 17
1665379914804 10.400497813341094 18
1665379981056 10.235429186937285 19
1665380047198 10.020965376132873 20
1665380113367 9.772270100291182 21
1665380180140 9.588737525009527 22
1665380246218 9.390803239403702 23
1665380313270 9.241515424774914 24
1665380379236 9.06317534097811 25
1665380446039 8.899801758886541 26
1665380512716 8.70394818759659 27
1665380578892 8.595158749091915 28
1665380645249 8.463689310957745 29
1665380712258 8.32262555564322 30
1665380778702 8.173539529195645 31
1665380844768 8.057186517482851 32
1665380911004 7.965416545402713 33
1665380977208 7.895987254817311 34
1665381046199 7.783494382228666 35
1665381114752 7.723165278295869 36
1665381183409 7.6351395093121575 37
1665381250158 7.573012476985895 38
1665381316509 7.475426718083823 39
1665381383070 7.484643719835979 40
1665381451735 7.478921376205072 41
1665381520048 7.488440752029419 42
1665381586280 7.492652132452988 43
1665381652813 7.484414777523134 44
1665381719414 7.477831863775486 45
1665381786584 7.466947988184487 46
1665381854628 7.461182324479266 47
1665381922604 7.445679913497552 48
1665381990154 7.432024613167476 49
1665382056848 7.416685639075863 50
1665382124317 7.386792435229403 51
1665382191164 7.365433588260558 52
1665382258804 7.349267392042207 53
1665382328073 7.325241535465892 54
1665382397179 7.311788668283602 55
1665382466341 7.290292002515095 56
1665382536651 7.280805992145164 57
1665382606983 7.253086393954707 58
1665382677169 7.239389089258705 59
1665382746163 7.218592385547917 60
1665382814091 7.2003471243615245 61
1665382882989 7.1688868695614385 62
1665382951799 7.131738167274289 63
1665383020639 7.1261216645101895 64
1665383091233 7.102274443339375 65
1665383166132 7.076532613883898 66
1665383237271 7.047046691468618 67
1665383307257 7.024914287939304 68
1665383379456 7.001930204251917 69
1665383450217 6.987050561207097 70
1665383521224 6.982985353937336 71
1665383590934 6.985621980592316 72
1665383657409 6.984246861062399 73
1665383723733 6.978321715099056 74
1665383791109 6.9800069771924065 75
1665383859482 6.977462296347016 76
1665383932258 6.976285257572081 77
1665384000938 6.972468973950642 78
1665384150514 6.970409121164462 79
1665384220579 6.9700444803005315 80
1665384292052 6.9680378541713806 81
1665384360266 6.961511791043165 82
1665384428195 6.958615228606433 83
1665384495367 6.959173732850609 84
1665384566842 6.951123058505175 85
1665384635512 6.951119897412319 86
1665384703138 6.949245410806992 87
1665384771315 6.94540292925951 88
1665384838883 6.937833476648098 89
1665384908166 6.932808199161436 90
1665384979447 6.932726927501399 91
1665385053394 6.930538049558314 92
1665385122374 6.923315455273884 93
1665385193864 6.923119444963409 94
1665385261291 6.917196999526605 95
1665385334033 6.9189250885861595 96
1665385403188 6.910211104791141 97
1665385477331 6.907243235597333 98
1665385550724 6.904533006612537 99
1665385620015 6.9060847701095955 100
1665385693349 6.899854413474478 101
1665385762738 6.900999326150394 102
1665385830607 6.893703690970816 103
1665385897656 6.885002617719697 104
1665385964402 6.882621564117133 105
1665386030991 6.874478216264762 106
1665386098424 6.87259689581047 107
1665386165664 6.869099644781317 108
1665386233429 6.863668016108071 109
1665386300026 6.859849315736352 110
1665386367104 6.862496236475502 111
1665386433918 6.850896435249142 112
1665386500523 6.848657694095518 113
1665386566937 6.840965850178788 114
1665386634583 6.847136292806486 115
1665386701367 6.838288839851938 116
1665386768157 6.838460326776272 117
1665386835210 6.832573220787979 118
1665386983394 6.830776061081305 119
