1665378768136 0.00035 0
1665378834668 3.5000000000000004e-05 1
1665378900776 7.000000000000001e-05 2
1665378967160 0.00010499999999999999 3
1665379033334 0.00014000000000000001 4
1665379100614 0.000175 5
1665379166770 0.00020999999999999998 6
1665379221352 0.000245 7
1665379264708 0.00028000000000000003 8
1665379317234 0.000315 9
1665379383390 0.00035 10
1665379449462 0.00035 11
1665379516891 0.00035 12
1665379582911 0.00035 13
1665379649099 0.00035 14
1665379715509 0.00035 15
1665379781644 0.00035 16
1665379847759 0.00035 17
1665379914804 0.00035 18
1665379981056 0.00035 19
1665380047198 0.00035 20
1665380113367 0.00035 21
1665380180140 0.00035 22
1665380246218 0.00035 23
1665380313270 0.00035 24
1665380379236 0.00035 25
1665380446039 0.00035 26
1665380512716 0.00035 27
1665380578892 0.00035 28
1665380645249 0.00035 29
1665380712258 0.00035 30
1665380778702 0.00035 31
1665380844768 0.00035 32
1665380911004 0.00035 33
1665380977208 0.00035 34
1665381046199 0.00035 35
1665381114752 0.00035 36
1665381183409 0.00035 37
1665381250158 0.00035 38
1665381316509 0.00035 39
1665381383070 3.5000000000000004e-05 40
1665381451735 3.5000000000000004e-05 41
1665381520048 3.5000000000000004e-05 42
1665381586280 3.5000000000000004e-05 43
1665381652813 3.5000000000000004e-05 44
1665381719414 3.5000000000000004e-05 45
1665381786584 3.5000000000000004e-05 46
1665381854628 3.5000000000000004e-05 47
1665381922604 3.5000000000000004e-05 48
1665381990154 3.5000000000000004e-05 49
1665382056848 3.5000000000000004e-05 50
1665382124317 3.5000000000000004e-05 51
1665382191164 3.5000000000000004e-05 52
1665382258804 3.5000000000000004e-05 53
1665382328073 3.5000000000000004e-05 54
1665382397179 3.5000000000000004e-05 55
1665382466341 3.5000000000000004e-05 56
1665382536651 3.5000000000000004e-05 57
1665382606983 3.5000000000000004e-05 58
1665382677169 3.5000000000000004e-05 59
1665382746163 3.5000000000000004e-05 60
1665382814091 3.5000000000000004e-05 61
1665382882989 3.5000000000000004e-05 62
1665382951799 3.5000000000000004e-05 63
1665383020639 3.5000000000000004e-05 64
1665383091233 3.5000000000000004e-05 65
1665383166132 3.5000000000000004e-05 66
1665383237271 3.5000000000000004e-05 67
1665383307257 3.5000000000000004e-05 68
1665383379456 3.5000000000000004e-05 69
1665383450217 3.5000000000000004e-06 70
1665383521224 3.5000000000000004e-06 71
1665383590934 3.5000000000000004e-06 72
1665383657409 3.5000000000000004e-06 73
1665383723733 3.5000000000000004e-06 74
1665383791109 3.5000000000000004e-06 75
1665383859482 3.5000000000000004e-06 76
1665383932258 3.5000000000000004e-06 77
1665384000938 3.5000000000000004e-06 78
1665384150514 3.5000000000000004e-06 79
1665384220579 3.5000000000000004e-06 80
1665384292052 3.5000000000000004e-06 81
1665384360266 3.5000000000000004e-06 82
1665384428195 3.5000000000000004e-06 83
1665384495367 3.5000000000000004e-06 84
1665384566842 3.5000000000000004e-06 85
1665384635512 3.5000000000000004e-06 86
1665384703138 3.5000000000000004e-06 87
1665384771315 3.5000000000000004e-06 88
1665384838883 3.5000000000000004e-06 89
1665384908166 3.5000000000000004e-06 90
1665384979447 3.5000000000000004e-06 91
1665385053394 3.5000000000000004e-06 92
1665385122374 3.5000000000000004e-06 93
1665385193864 3.5000000000000004e-06 94
1665385261291 3.5000000000000004e-06 95
1665385334033 3.5000000000000004e-06 96
1665385403188 3.5000000000000004e-06 97
1665385477331 3.5000000000000004e-06 98
1665385550724 3.5000000000000004e-06 99
1665385620015 3.5000000000000004e-06 100
1665385693349 3.5000000000000004e-06 101
1665385762738 3.5000000000000004e-06 102
1665385830607 3.5000000000000004e-06 103
1665385897656 3.5000000000000004e-06 104
1665385964402 3.5000000000000004e-06 105
1665386030991 3.5000000000000004e-06 106
1665386098424 3.5000000000000004e-06 107
1665386165664 3.5000000000000004e-06 108
1665386233429 3.5000000000000004e-06 109
1665386300026 3.5000000000000004e-06 110
1665386367104 3.5000000000000004e-06 111
1665386433918 3.5000000000000004e-06 112
1665386500523 3.5000000000000004e-06 113
1665386566937 3.5000000000000004e-06 114
1665386634583 3.5000000000000004e-06 115
1665386701367 3.5000000000000004e-06 116
1665386768157 3.5000000000000004e-06 117
1665386835210 3.5000000000000004e-06 118
1665386983394 3.5000000000000004e-06 119
