1665378768136 1.5029294279593866 0
1665378834668 0.5627193550751047 1
1665378900776 0.36964892138068267 2
1665378967160 0.2571412045962927 3
1665379033334 0.2064050498168643 4
1665379100614 0.17031965433824353 5
1665379166770 0.1560675657195289 6
1665379221352 0.14320119243206048 7
1665379264708 0.13020726987501471 8
1665379317234 0.1277359437106586 9
1665379383390 0.11715955661564338 10
1665379449462 0.10034227832788374 11
1665379516891 0.10347931257006034 12
1665379582911 0.08449636345229498 13
1665379649099 0.09220353443084693 14
1665379715509 0.09191650936144938 15
1665379781644 0.08771720183331792 16
1665379847759 0.081667170946191 17
1665379914804 0.07436202028539123 18
1665379981056 0.08394711262932637 19
1665380047198 0.0808467916962577 20
1665380113367 0.08557191472046259 21
1665380180140 0.09615009121778535 22
1665380246218 0.08451729572219092 23
1665380313270 0.0855565937553964 24
1665380379236 0.08391282842835275 25
1665380446039 0.09386560114697345 26
1665380512716 0.0875348189068072 27
1665380578892 0.08299627100549094 28
1665380645249 0.08403573053457387 29
1665380712258 0.08982457918364828 30
1665380778702 0.08978158393647613 31
1665380844768 0.09259356896324855 32
1665380911004 0.08713883006172936 33
1665380977208 0.08414266432022176 34
1665381046199 0.0861955277115396 35
1665381114752 0.08714930186934262 36
1665381183409 0.08384580487041797 37
1665381250158 0.08408682840397057 38
1665381316509 0.08948023531858514 39
1665381383070 0.0554142609783789 40
1665381451735 0.03921184311280163 41
1665381520048 0.031279623996719574 42
1665381586280 0.027968092778379597 43
1665381652813 0.02627984870952077 44
1665381719414 0.026775754988193512 45
1665381786584 0.019399372987994334 46
1665381854628 0.020053577049430914 47
1665381922604 0.020422306387662525 48
1665381990154 0.018804564972597998 49
1665382056848 0.019078118474283753 50
1665382124317 0.018712008638687216 51
1665382191164 0.015436940725960928 52
1665382258804 0.017070677749338424 53
1665382328073 0.016617972759541307 54
1665382397179 0.01580529551294337 55
1665382466341 0.01724340124793987 56
1665382536651 0.01413045482060589 57
1665382606983 0.014534762856997344 58
1665382677169 0.013492352926603904 59
1665382746163 0.01329663200417488 60
1665382814091 0.01430507309223507 61
1665382882989 0.013124650364796467 62
1665382951799 0.013047561900712913 63
1665383020639 0.013363990709903307 64
1665383091233 0.01256556469874764 65
1665383166132 0.013163766197552815 66
1665383237271 0.011678210837292955 67
1665383307257 0.012457596190364623 68
1665383379456 0.010883429664664152 69
1665383450217 0.011804905208963446 70
1665383521224 0.011402564735023999 71
1665383590934 0.009260688602379934 72
1665383657409 0.009010422917611035 73
1665383723733 0.00943247622174279 74
1665383791109 0.010330021639639348 75
1665383859482 0.007641927817230592 76
1665383932258 0.009375315163534407 77
1665384000938 0.010031023206368157 78
1665384150514 0.008402930095894035 79
1665384220579 0.009638519173486423 80
1665384292052 0.009013544409762977 81
1665384360266 0.008892414713755431 82
1665384428195 0.008406150334499993 83
1665384495367 0.009853703721437785 84
1665384566842 0.007866198902313666 85
1665384635512 0.008462951655554421 86
1665384703138 0.007651397724535124 87
1665384771315 0.0069474388274545894 88
1665384838883 0.008390003068389643 89
1665384908166 0.00975111098789678 90
1665384979447 0.008260949727193248 91
1665385053394 0.007644737993293192 92
1665385122374 0.008668745404518232 93
1665385193864 0.00771157640009755 94
1665385261291 0.007932114216680752 95
1665385334033 0.006814836082129951 96
1665385403188 0.008596693422448667 97
1665385477331 0.0074558571547278865 98
1665385550724 0.006887857269866446 99
1665385620015 0.008164698990039163 100
1665385693349 0.006599264538551613 101
1665385762738 0.007265275713984258 102
1665385830607 0.008225649658295258 103
1665385897656 0.006444761895882704 104
1665385964402 0.005650058655780466 105
1665386030991 0.0065562447237817985 106
1665386098424 0.008245249196688658 107
1665386165664 0.006866457458987868 108
1665386233429 0.007408323175296551 109
1665386300026 0.00817171732679282 110
1665386367104 0.004625048854376939 111
1665386433918 0.007842677463947727 112
1665386500523 0.006653741378587012 113
1665386566937 0.007698639471186098 114
1665386634583 0.00824215325254311 115
1665386701367 0.008492802323705358 116
1665386768157 0.006565902148736868 117
1665386835210 0.0067366791071324815 118
1665386983394 0.00668503593585295 119
