1665378768136 0.9423679069986621 0
1665378834668 0.4304274938711264 1
1665378900776 0.24910556041612858 2
1665378967160 0.15676285685835087 3
1665379033334 0.1044552107409733 4
1665379100614 0.0730893445678237 5
1665379166770 0.05298458511100673 6
1665379221352 0.03981156687638382 7
1665379264708 0.030739789288036706 8
1665379317234 0.024414746729066458 9
1665379383390 0.019865210122633273 10
1665379449462 0.016378546910496748 11
1665379516891 0.013782389896008575 12
1665379582911 0.011854705509797829 13
1665379649099 0.010425211259777226 14
1665379715509 0.009173009612425728 15
1665379781644 0.008264584141987852 16
1665379847759 0.007514869938490958 17
1665379914804 0.006834439891276927 18
1665379981056 0.006347051085677089 19
1665380047198 0.005827529359290876 20
1665380113367 0.005499377878519093 21
1665380180140 0.005224452379000623 22
1665380246218 0.004839152073851083 23
1665380313270 0.004559818416743017 24
1665380379236 0.00429542600858684 25
1665380446039 0.0041190198502837885 26
1665380512716 0.003861678277088094 27
1665380578892 0.0036743869028258614 28
1665380645249 0.003529314310630647 29
1665380712258 0.0034013204174343408 30
1665380778702 0.0032814502204972797 31
1665380844768 0.0031276380427454303 32
1665380911004 0.0029727033725598963 33
1665380977208 0.002911218840674293 34
1665381046199 0.0028426949866116047 35
1665381114752 0.002727324505861017 36
1665381183409 0.0026545403841702103 37
1665381250158 0.0025921875850559726 38
1665381316509 0.0025101487371479957 39
1665381383070 0.0021994370785428257 40
1665381451735 0.0019373743987937525 41
1665381520048 0.0018306380873591213 42
1665381586280 0.0017745508023015247 43
1665381652813 0.001746173817437233 44
1665381719414 0.0017081320348263877 45
1665381786584 0.0016797270881375526 46
1665381854628 0.0016875248515933025 47
1665381922604 0.0016589808101743096 48
1665381990154 0.0016364534306385129 49
1665382056848 0.0016415379692809385 50
1665382124317 0.001625441382096592 51
1665382191164 0.0016034615089798845 52
1665382258804 0.0016039209701575157 53
1665382328073 0.0015724418247572895 54
1665382397179 0.0015634005264628951 55
1665382466341 0.001560011343099177 56
1665382536651 0.0015555256606746173 57
1665382606983 0.0015542593775499686 58
1665382677169 0.0015314563938484686 59
1665382746163 0.0015266967380828246 60
1665382814091 0.001516894898468665 61
1665382882989 0.0015122146880957206 62
1665382951799 0.0014665922706537857 63
1665383020639 0.001467114563090998 64
1665383091233 0.001452756615002974 65
1665383166132 0.0014441853600499917 66
1665383237271 0.0014323772200229533 67
1665383307257 0.0014132782055928212 68
1665383379456 0.0014068342166066897 69
1665383450217 0.0013901189361449058 70
1665383521224 0.0013519201613734384 71
1665383590934 0.0013363882128888851 72
1665383657409 0.0013304218939482802 73
1665383723733 0.0013260309374323342 74
1665383791109 0.0013358065891260443 75
1665383859482 0.0013307964743467645 76
1665383932258 0.0013177944710705339 77
1665384000938 0.0013229418290415552 78
1665384150514 0.001318133467944657 79
1665384220579 0.0013165838993722345 80
1665384292052 0.0013116512294268098 81
1665384360266 0.0013152072189103177 82
1665384428195 0.0013090466296800027 83
1665384495367 0.001301318342888319 84
1665384566842 0.001302137203151133 85
1665384635512 0.0012943502578327396 86
1665384703138 0.0013002841117079644 87
1665384771315 0.0012874484192807137 88
1665384838883 0.0012890231011935124 89
1665384908166 0.0013039691981337055 90
1665384979447 0.001292561699931578 91
1665385053394 0.001275665105161507 92
1665385122374 0.001289174190109096 93
1665385193864 0.0012857781825360002 94
1665385261291 0.0012766676977640245 95
1665385334033 0.0012807807912236279 96
1665385403188 0.00128340578549858 97
1665385477331 0.0012760699830623797 98
1665385550724 0.0012772186750826398 99
1665385620015 0.0012775420410013416 100
1665385693349 0.001267875538480173 101
1665385762738 0.0012670774402738848 102
1665385830607 0.0012596391658185094 103
1665385897656 0.0012747783503472441 104
1665385964402 0.001270098713861194 105
1665386030991 0.0012554566349660722 106
1665386098424 0.001266105608558011 107
1665386165664 0.0012585614718614345 108
1665386233429 0.0012568927000890053 109
1665386300026 0.0012646745379287295 110
1665386367104 0.00124357048955905 111
1665386433918 0.0012595319558253012 112
1665386500523 0.0012468377065776688 113
1665386566937 0.0012484019565418725 114
1665386634583 0.001252614477899198 115
1665386701367 0.0012484953937506895 116
1665386768157 0.0012319273871892109 117
1665386835210 0.0012446973052602716 118
1665386983394 0.0012375884496311589 119
