1665378768136 6.394516919423076 0
1665378834668 5.324922215591356 1
1665378900776 4.002061814796634 2
1665378967160 2.9483140189473223 3
1665379033334 2.2861543358826055 4
1665379100614 1.9127321853870298 5
1665379166770 1.7235887539095995 6
1665379221352 1.6393698517869157 7
1665379264708 1.581718635559082 8
1665379317234 1.5339305278731556 9
1665379383390 1.5013776017398368 10
1665379449462 1.4486109367231044 11
1665379516891 1.4253033237549866 12
1665379582911 1.3868006485264475 13
1665379649099 1.3958397818774713 14
1665379715509 1.3825797751111892 15
1665379781644 1.3523733377456666 16
1665379847759 1.3529463820341157 17
1665379914804 1.3300037163059886 18
1665379981056 1.3423398529610984 19
1665380047198 1.335486080588364 20
1665380113367 1.339080202288744 21
1665380180140 1.3527946797812858 22
1665380246218 1.344032047434551 23
1665380313270 1.3166376474427013 24
1665380379236 1.3204361770211197 25
1665380446039 1.3263604287962312 26
1665380512716 1.3135891342626034 27
1665380578892 1.3031020722738127 28
1665380645249 1.2997611825059099 29
1665380712258 1.3050839714887665 30
1665380778702 1.3061872842835216 31
1665380844768 1.2963759108287531 32
1665380911004 1.2865420806698682 33
1665380977208 1.2829618628432111 34
1665381046199 1.2907860840408547 35
1665381114752 1.2798922501721428 36
1665381183409 1.2752940174445366 37
1665381250158 1.2719053307783257 38
1665381316509 1.2754984489301355 39
1665381383070 1.2159095589707538 40
1665381451735 1.1612319940473976 41
1665381520048 1.1447726059885859 42
1665381586280 1.1368393967791302 43
1665381652813 1.1271378522965967 44
1665381719414 1.1247003119166303 45
1665381786584 1.118685017562494 46
1665381854628 1.1177125401613188 47
1665381922604 1.113985785623876 48
1665381990154 1.1101760522833148 49
1665382056848 1.1103598249768747 50
1665382124317 1.1075585270390926 51
1665382191164 1.1038376808166503 52
1665382258804 1.1028279601073847 53
1665382328073 1.1008877230853569 54
1665382397179 1.1011726710854508 55
1665382466341 1.1017510134999344 56
1665382536651 1.0976463766659008 57
1665382606983 1.0968266731383753 58
1665382677169 1.0974377033187122 59
1665382746163 1.092789737771197 60
1665382814091 1.0964333157913357 61
1665382882989 1.094547588451236 62
1665382951799 1.0895724180268078 63
1665383020639 1.0913927202085847 64
1665383091233 1.0866688976010073 65
1665383166132 1.0880815357837863 66
1665383237271 1.089291206262644 67
1665383307257 1.0875056022551002 68
1665383379456 1.0862917719817744 69
1665383450217 1.0819050265521537 70
1665383521224 1.0821319625658148 71
1665383590934 1.0760258944595562 72
1665383657409 1.0775885203989541 73
1665383723733 1.0751822070377628 74
1665383791109 1.076086933751708 75
1665383859482 1.0748048233754426 76
1665383932258 1.0727441840055512 77
1665384000938 1.0728529906854396 78
1665384150514 1.0741353395508557 79
1665384220579 1.071571522805749 80
1665384292052 1.0719816434674148 81
1665384360266 1.072407325884191 82
1665384428195 1.072030490200694 83
1665384495367 1.0715075655681332 84
1665384566842 1.072452443401988 85
1665384635512 1.0705037520212286 86
1665384703138 1.0691880098744935 87
1665384771315 1.0692096733465428 88
1665384838883 1.0693789232067945 89
1665384908166 1.0700620156962697 90
1665384979447 1.071201962377967 91
1665385053394 1.0679104834068112 92
1665385122374 1.0696701020729251 93
1665385193864 1.0697923904511986 94
1665385261291 1.069613093864627 95
1665385334033 1.0682872209734129 96
1665385403188 1.0693964790372015 97
1665385477331 1.0672275261971558 98
1665385550724 1.0681463867715262 99
1665385620015 1.069080804615486 100
1665385693349 1.0679726897216424 101
1665385762738 1.0664003647646858 102
1665385830607 1.0680238909837676 103
1665385897656 1.0690281763309386 104
1665385964402 1.0669679583287706 105
1665386030991 1.0660284202472836 106
1665386098424 1.0676457852993197 107
1665386165664 1.066654505081547 108
1665386233429 1.0671102081857076 109
1665386300026 1.06676639638296 110
1665386367104 1.0642081126934144 111
1665386433918 1.0669224395984556 112
1665386500523 1.066599208552663 113
1665386566937 1.0686055573021493 114
1665386634583 1.0645942821735288 115
1665386701367 1.0667710909029333 116
1665386768157 1.0646511502382232 117
1665386835210 1.0665350704658323 118
1665386983394 1.0650550859730419 119
