1665369643071 1.19780623685404 0
1665369723361 0.25896007352205647 1
1665369803969 0.12827567708300777 2
1665369887258 0.07841944720596075 3
1665369969330 0.058615927889943124 4
1665370052413 0.049164084769994856 5
1665370134261 0.03829295015443237 6
1665370195626 0.03899797450210298 7
1665370252932 0.03377487593060059 8
1665370301870 0.033144161788626544 9
1665370383615 0.02533477456158688 10
1665370464780 0.02451178333121202 11
1665370545731 0.02291315433430863 12
1665370625429 0.022880220194777333 13
1665370705847 0.019586489898672545 14
1665370786209 0.01842114725804712 15
1665370866385 0.018408590890317558 16
1665370946415 0.016578638813940876 17
1665371025845 0.019329928527455253 18
1665371108735 0.021603091855544643 19
1665371193883 0.019160876163251458 20
1665371280193 0.016756462015872522 21
1665371367148 0.017740404661444407 22
1665371456951 0.017156529398034175 23
1665371546843 0.016553681463964524 24
1665371632247 0.018417613252997397 25
1665371714469 0.01765444126713228 26
1665371795548 0.018701914952222603 27
1665371875434 0.016451730239522983 28
1665371957738 0.017356654924591142 29
1665372039300 0.01605355582128926 30
1665372121579 0.020411972663398968 31
1665372204101 0.016539111561385024 32
1665372284541 0.016107120014156304 33
1665372366813 0.01489021451092295 34
1665372449165 0.015575179018558987 35
1665372532682 0.016096417616349626 36
1665372613278 0.01384848129213694 37
1665372701296 0.014902399845421315 38
1665372792708 0.01510031077439987 39
1665372890412 0.009441923665543717 40
1665372986197 0.004431735320263599 41
1665373078910 0.004325676642089005 42
1665373161175 0.004229502782345297 43
1665373246088 0.0032906734335973083 44
1665373330804 0.0037605838558400968 45
1665373416748 0.0030364923134266614 46
1665373505461 0.0029199547040833526 47
1665373589016 0.0027840698903967296 48
1665373670892 0.0028878743100443833 49
1665373755867 0.0027238441299390695 50
1665373840684 0.00221630071680392 51
1665373928667 0.0015672264942323349 52
1665374013726 0.0018174924240653295 53
1665374096938 0.0020218673255668587 54
1665374177983 0.002030305085651367 55
1665374258237 0.001189666747837421 56
1665374338214 0.0020447397926246307 57
1665374417987 0.0022057031120461634 58
1665374498317 0.0014341329467524007 59
1665374578454 0.0017841355239291746 60
1665374659240 0.001574612695723772 61
1665374739381 0.0016371551003441754 62
1665374818730 0.0012721676663701314 63
1665374898573 0.0013583885100219518 64
1665374978429 0.0011291881580086005 65
1665375058365 0.0012211780957577208 66
1665375138389 0.0015079872832903939 67
1665375217393 0.0009571377473372606 68
1665375297407 0.0014087992322240625 69
1665375377103 0.0012072150430251513 70
1665375457424 0.0012992578352909968 71
1665375537611 0.0008771820218268648 72
1665375616761 0.0008022011925093075 73
1665375696335 0.0010696868167111748 74
1665375776208 0.0007405247719537827 75
1665375845040 0.0012094099448627257 76
1665375888307 0.0013253934097936355 77
1665375969015 0.0009560232054457128 78
1665376049744 0.0007813507540812416 79
1665376129926 0.0008959969723476998 80
1665376210535 0.0010564362727886727 81
1665376290072 0.0010270967050605723 82
1665376370832 0.0010269093832158181 83
1665376451725 0.0007754206044008454 84
1665376532942 0.0013813056859625391 85
1665376613535 0.000917001118711439 86
1665376693744 0.0006655498258769512 87
1665376774587 0.00037902508334941175 88
1665376854602 0.0008314913817443828 89
1665376934660 0.0007111690825356646 90
1665377014989 0.001141790634832315 91
1665377094290 0.0007500465388499922 92
1665377174765 0.0006203321860201897 93
1665377255639 0.0006997545537759501 94
1665377336524 0.0008137806442128606 95
1665377417445 0.0008631511572673617 96
1665377497723 0.0006511960567599798 97
1665377578591 0.0007099333222970426 98
1665377659500 0.0007939937697242826 99
1665377740050 0.0007677821615230172 100
1665377821109 0.0006263871119922424 101
1665377901198 0.0010905103465061515 102
1665377981700 0.0005500551102863204 103
1665378062268 0.0006226291316711615 104
1665378143371 0.0008164921253919601 105
1665378224087 0.0008104045736981204 106
1665378305336 0.0007687181039866673 107
1665378386249 0.0004906963414875379 108
1665378467146 0.0007856138028114675 109
1665378547673 0.0007168797986401666 110
1665378607061 0.0010004874680809646 111
1665378663130 0.001046467104904082 112
1665378709226 0.0007124371175844986 113
1665378789583 0.0007940270344636613 114
1665378869717 0.0005123757178925218 115
1665378950372 0.0008437958508729934 116
1665379030837 0.0006875946489443261 117
1665379110515 0.000801157898243412 118
1665379244457 0.0005904301761623367 119
