1665369643071 9.953422546386719 0
1665369723361 6.33449125289917 1
1665369803969 4.2941975593566895 2
1665369887258 2.949695348739624 3
1665369969330 2.2892115116119385 4
1665370052413 2.0027613639831543 5
1665370134261 1.8582758903503418 6
1665370195626 1.8095571994781494 7
1665370252932 1.7519418001174927 8
1665370301870 1.741694688796997 9
1665370383615 1.6612248420715332 10
1665370464780 1.6148375272750854 11
1665370545731 1.561794638633728 12
1665370625429 1.5648258924484253 13
1665370705847 1.528419852256775 14
1665370786209 1.527030348777771 15
1665370866385 1.4977631568908691 16
1665370946415 1.4834765195846558 17
1665371025845 1.4973499774932861 18
1665371108735 1.5115851163864136 19
1665371193883 1.4948761463165283 20
1665371280193 1.462419033050537 21
1665371367148 1.4665372371673584 22
1665371456951 1.4599570035934448 23
1665371546843 1.446794033050537 24
1665371632247 1.4558829069137573 25
1665371714469 1.4396690130233765 26
1665371795548 1.4526101350784302 27
1665371875434 1.4299418926239014 28
1665371957738 1.4327622652053833 29
1665372039300 1.4142115116119385 30
1665372121579 1.4361937046051025 31
1665372204101 1.4154796600341797 32
1665372284541 1.4041523933410645 33
1665372366813 1.392404317855835 34
1665372449165 1.387276291847229 35
1665372532682 1.3834556341171265 36
1665372613278 1.3666409254074097 37
1665372701296 1.3721579313278198 38
1665372792708 1.3792128562927246 39
1665372890412 1.2927993535995483 40
1665372986197 1.1987274885177612 41
1665373078910 1.17705237865448 42
1665373161175 1.1684540510177612 43
1665373246088 1.1557116508483887 44
1665373330804 1.1498098373413086 45
1665373416748 1.1400483846664429 46
1665373505461 1.133814811706543 47
1665373589016 1.1337833404541016 48
1665373670892 1.1301569938659668 49
1665373755867 1.1285301446914673 50
1665373840684 1.1188814640045166 51
1665373928667 1.1173392534255981 52
1665374013726 1.114437460899353 53
1665374096938 1.11831796169281 54
1665374177983 1.112073540687561 55
1665374258237 1.1098273992538452 56
1665374338214 1.1113460063934326 57
1665374417987 1.1121447086334229 58
1665374498317 1.1067969799041748 59
1665374578454 1.1103177070617676 60
1665374659240 1.105057716369629 61
1665374739381 1.1014763116836548 62
1665374818730 1.1005040407180786 63
1665374898573 1.0966914892196655 64
1665374978429 1.0973961353302002 65
1665375058365 1.0957598686218262 66
1665375138389 1.0984113216400146 67
1665375217393 1.0899837017059326 68
1665375297407 1.095711350440979 69
1665375377103 1.090101718902588 70
1665375457424 1.087019920349121 71
1665375537611 1.0830336809158325 72
1665375616761 1.0821207761764526 73
1665375696335 1.0817707777023315 74
1665375776208 1.0769727230072021 75
1665375845040 1.0790022611618042 76
1665375888307 1.080090045928955 77
1665375969015 1.0764838457107544 78
1665376049744 1.0747665166854858 79
1665376129926 1.0746264457702637 80
1665376210535 1.0770883560180664 81
1665376290072 1.0782809257507324 82
1665376370832 1.0763370990753174 83
1665376451725 1.0737512111663818 84
1665376532942 1.0765429735183716 85
1665376613535 1.0731600522994995 86
1665376693744 1.0724328756332397 87
1665376774587 1.0698010921478271 88
1665376854602 1.0748316049575806 89
1665376934660 1.072882890701294 90
1665377014989 1.0737353563308716 91
1665377094290 1.0734282732009888 92
1665377174765 1.0713953971862793 93
1665377255639 1.0714244842529297 94
1665377336524 1.0716965198516846 95
1665377417445 1.0727472305297852 96
1665377497723 1.0713419914245605 97
1665377578591 1.0697941780090332 98
1665377659500 1.0706710815429688 99
1665377740050 1.0722768306732178 100
1665377821109 1.0707710981369019 101
1665377901198 1.070939540863037 102
1665377981700 1.0682768821716309 103
1665378062268 1.0699970722198486 104
1665378143371 1.0704913139343262 105
1665378224087 1.0715272426605225 106
1665378305336 1.0700454711914062 107
1665378386249 1.0627166032791138 108
1665378467146 1.0697177648544312 109
1665378547673 1.0680899620056152 110
1665378607061 1.0707876682281494 111
1665378663130 1.0686626434326172 112
1665378709226 1.0687135457992554 113
1665378789583 1.0672080516815186 114
1665378869717 1.0660384893417358 115
1665378950372 1.068615436553955 116
1665379030837 1.0676920413970947 117
1665379110515 1.0676038265228271 118
1665379244457 1.0668772459030151 119
