1665369643071 7.748914432334134 0
1665369723361 2.7258081886184264 1
1665369803969 2.452790958335601 2
1665369887258 2.581490122795105 3
1665369969330 2.733744277000427 4
1665370052413 2.817585028797747 5
1665370134261 2.9035257197195485 6
1665370195626 2.933078419777655 7
1665370252932 2.933453675239317 8
1665370301870 2.8982775595880326 9
1665370383615 2.8812056039610217 10
1665370464780 2.8620724312720762 11
1665370545731 2.8590940634409585 12
1665370625429 2.792161074029394 13
1665370705847 2.7674293259540237 14
1665370786209 2.722459833306002 15
1665370866385 2.6666522696315047 16
1665370946415 2.635890778767536 17
1665371025845 2.5973244603857935 18
1665371108735 2.5269663774344817 19
1665371193883 2.4968270438332714 20
1665371280193 2.4494979583447978 21
1665371367148 2.429287835474937 22
1665371456951 2.3958784745585535 23
1665371546843 2.3390187659571247 24
1665371632247 2.301181206703186 25
1665371714469 2.2662278648361145 26
1665371795548 2.2401145557801887 27
1665371875434 2.209340483309275 28
1665371957738 2.164593027777461 29
1665372039300 2.1380016281901595 30
1665372121579 2.1132750669157647 31
1665372204101 2.088162517451857 32
1665372284541 2.0506984192517494 33
1665372366813 2.0535646662596734 34
1665372449165 2.0329683607361884 35
1665372532682 2.0151406387727424 36
1665372613278 1.9981418603874115 37
1665372701296 1.972025598526001 38
1665372792708 1.9635665796456798 39
1665372890412 1.9087457373257606 40
1665372986197 1.88131322247915 41
1665373078910 1.8839237761784748 42
1665373161175 1.88900060538786 43
1665373246088 1.8863031040712532 44
1665373330804 1.8821696277603088 45
1665373416748 1.8779828481406093 46
1665373505461 1.8717226891153786 47
1665373589016 1.8675765472073709 48
1665373670892 1.8692942505423356 49
1665373755867 1.8573651646795544 50
1665373840684 1.844413340572388 51
1665373928667 1.8478446327538853 52
1665374013726 1.8398505224281525 53
1665374096938 1.8354449195555416 54
1665374177983 1.8237154689658597 55
1665374258237 1.8226310455176724 56
1665374338214 1.8185378059325927 57
1665374417987 1.806957497654191 58
1665374498317 1.8082721889258389 59
1665374578454 1.8026145347150933 60
1665374659240 1.787589632511139 61
1665374739381 1.7822750883408818 62
1665374818730 1.777728876435613 63
1665374898573 1.7632069630968956 64
1665374978429 1.7653683039449877 65
1665375058365 1.7447279028354152 66
1665375138389 1.7392867721857563 67
1665375217393 1.7252155417396176 68
1665375297407 1.7202102465014304 69
1665375377103 1.714235353373712 70
1665375457424 1.7062469380926415 71
1665375537611 1.7061190456750404 72
1665375616761 1.7002857981423134 73
1665375696335 1.7028474551946045 74
1665375776208 1.6956294289519709 75
1665375845040 1.6963247951254787 76
1665375888307 1.6988591760037892 77
1665375969015 1.691025481645362 78
1665376049744 1.6884603567661778 79
1665376129926 1.687985197670998 80
1665376210535 1.6870485106783528 81
1665376290072 1.6910800443541618 82
1665376370832 1.6882395332596867 83
1665376451725 1.6814345432572575 84
1665376532942 1.6880831526943958 85
1665376613535 1.6803757502850758 86
1665376693744 1.6789799447059632 87
1665376774587 1.6761663328691658 88
1665376854602 1.676763561090477 89
1665376934660 1.6797268559575564 90
1665377014989 1.6796021624918906 91
1665377094290 1.6794730756551988 92
1665377174765 1.6752796225970792 93
1665377255639 1.6742048526863496 94
1665377336524 1.6738311583737293 95
1665377417445 1.6762450445129211 96
1665377497723 1.675367387901827 97
1665377578591 1.6685178586278095 98
1665377659500 1.6679676881720942 99
1665377740050 1.6718416132273213 100
1665377821109 1.6690169271216335 101
1665377901198 1.6664846438554026 102
1665377981700 1.6627373022417868 103
1665378062268 1.6611248629708444 104
1665378143371 1.6613431477546692 105
1665378224087 1.6621334969279278 106
1665378305336 1.663119177741698 107
1665378386249 1.6543075296294738 108
1665378467146 1.6563933685601475 109
1665378547673 1.6507996383213228 110
1665378607061 1.6492387707899456 111
1665378663130 1.6504651539721469 112
1665378709226 1.6479978087436722 113
1665378789583 1.646479032212688 114
1665378869717 1.6452023771501356 115
1665378950372 1.646805606365204 116
1665379030837 1.645997187219949 117
1665379110515 1.6413587293471676 118
1665379244457 1.642009958684684 119
