1665369643071 7.214577877856642 0
1665369723361 3.268794648618583 1
1665369803969 3.3651551041737138 2
1665369887258 3.7468908262252807 3
1665369969330 4.039523403167725 4
1665370052413 4.209128429612003 5
1665370134261 4.3817608193043736 6
1665370195626 4.412864942704478 7
1665370252932 4.4706463381167385 8
1665370301870 4.430340132405681 9
1665370383615 4.4757096709743625 10
1665370464780 4.463210197225694 11
1665370545731 4.50199112260198 12
1665370625429 4.401070709688118 13
1665370705847 4.4146815514468765 14
1665370786209 4.34750402787603 15
1665370866385 4.294331293986983 16
1665370946415 4.275298003690788 17
1665371025845 4.204202887523605 18
1665371108735 4.056145529191657 19
1665371193883 4.02814864439349 20
1665371280193 4.002351636848142 21
1665371367148 3.981688700376018 22
1665371456951 3.9448958087352013 23
1665371546843 3.88248418896429 24
1665371632247 3.796434277534485 25
1665371714469 3.759124714686689 26
1665371795548 3.716431809237683 27
1665371875434 3.6932040859896493 28
1665371957738 3.641357826899333 29
1665372039300 3.6089019114712633 30
1665372121579 3.537622733288501 31
1665372204101 3.5387682943459016 32
1665372284541 3.489116729267182 33
1665372366813 3.5206175456123967 34
1665372449165 3.4794677472018813 35
1665372532682 3.454967751560441 36
1665372613278 3.4550738267630456 37
1665372701296 3.41942781829834 38
1665372792708 3.407988400228562 39
1665372890412 3.4581869215734544 40
1665372986197 3.5381368863055984 41
1665373078910 3.5992667512242575 42
1665373161175 3.624181526253022 43
1665373246088 3.661888879944522 44
1665373330804 3.6902211363535806 45
1665373416748 3.70401615311343 46
1665373505461 3.710884472452493 47
1665373589016 3.734151086499614 48
1665373670892 3.7345930757792853 49
1665373755867 3.7262114725614848 50
1665373840684 3.7480219708335016 51
1665373928667 3.7501075172041314 52
1665374013726 3.7422488578352104 53
1665374096938 3.7307782537008385 54
1665374177983 3.7469054608938683 55
1665374258237 3.742831629442881 56
1665374338214 3.727670231018679 57
1665374417987 3.7290382682080248 58
1665374498317 3.738297998665806 59
1665374578454 3.71726020751708 60
1665374659240 3.708594493865967 61
1665374739381 3.6926544804170907 62
1665374818730 3.689293367316924 63
1665374898573 3.6863354925186402 64
1665374978429 3.6861553942003558 65
1665375058365 3.670934973224517 66
1665375138389 3.6518830387823042 67
1665375217393 3.6371033460863176 68
1665375297407 3.625920279372123 69
1665375377103 3.6291261642209944 70
1665375457424 3.639559756321122 71
1665375537611 3.643823165012651 72
1665375616761 3.6306304169087276 73
1665375696335 3.6487212316227344 74
1665375776208 3.6556881627728863 75
1665375845040 3.647427525386274 76
1665375888307 3.6352656557856795 77
1665375969015 3.659753925829049 78
1665376049744 3.6608746628607474 79
1665376129926 3.667708076776997 80
1665376210535 3.660906477320579 81
1665376290072 3.647080107081321 82
1665376370832 3.658596115418706 83
1665376451725 3.6501578068637466 84
1665376532942 3.6443620034489768 85
1665376613535 3.6572086475939156 86
1665376693744 3.657044316291809 87
1665376774587 3.669436967995272 88
1665376854602 3.6536466612024348 89
1665376934660 3.653717910712547 90
1665377014989 3.645705368249647 91
1665377094290 3.655036921462705 92
1665377174765 3.6637981716663606 93
1665377255639 3.6647492393432373 94
1665377336524 3.6596003124512824 95
1665377417445 3.6462984152108313 96
1665377497723 3.6586099819964675 97
1665377578591 3.6543386872992456 98
1665377659500 3.649266687131697 99
1665377740050 3.650589225753661 100
1665377821109 3.647601200394841 101
1665377901198 3.649179884502965 102
1665377981700 3.6478291105839515 103
1665378062268 3.6495321210353606 104
1665378143371 3.643769604682922 105
1665378224087 3.650890677808279 106
1665378305336 3.6394927089951605 107
1665378386249 3.655899669271875 108
1665378467146 3.6385234264006097 109
1665378547673 3.6373950915951885 110
1665378607061 3.627587782709222 111
1665378663130 3.62622551686368 112
1665378709226 3.635992607438421 113
1665378789583 3.621621493370302 114
1665378869717 3.633699108516016 115
1665378950372 3.627653419494629 116
1665379030837 3.62779093171698 117
1665379110515 3.6192865907906526 118
1665379244457 3.6384381357445776 119
