1665369643071 18.42552121097304 0
1665369723361 11.682260046043549 1
1665369803969 11.385562169025222 2
1665369887258 11.744203174591064 3
1665369969330 12.077293380737304 4
1665370052413 12.228507945815243 5
1665370134261 12.367464715434659 6
1665370195626 12.339511067636552 7
1665370252932 12.240208148956299 8
1665370301870 11.99336168458385 9
1665370383615 11.827350689518836 10
1665370464780 11.641601897055104 11
1665370545731 11.543719157636405 12
1665370625429 11.206811644466049 13
1665370705847 11.07278125257377 14
1665370786209 10.839206749176883 15
1665370866385 10.579820299723062 16
1665370946415 10.370922268633862 17
1665371025845 10.226958194410944 18
1665371108735 9.924551982956238 19
1665371193883 9.697898222554114 20
1665371280193 9.543908872912008 21
1665371367148 9.314071797555492 22
1665371456951 9.167910933494568 23
1665371546843 8.997451274625716 24
1665371632247 8.804752071380616 25
1665371714469 8.625051617143622 26
1665371795548 8.4853439177854 27
1665371875434 8.365675830458063 28
1665371957738 8.212768818958697 29
1665372039300 8.111386245513058 30
1665372121579 7.987981692854181 31
1665372204101 7.865305822058375 32
1665372284541 7.767371262273481 33
1665372366813 7.728304639939339 34
1665372449165 7.6601078156007825 35
1665372532682 7.600935508927188 36
1665372613278 7.530382309572763 37
1665372701296 7.454769205093384 38
1665372792708 7.431961076874887 39
1665372890412 7.371275003879301 40
1665372986197 7.3798166183104 41
1665373078910 7.382425871240088 42
1665373161175 7.3900031928556515 43
1665373246088 7.39011462912502 44
1665373330804 7.3887455204883254 45
1665373416748 7.377667317907494 46
1665373505461 7.368731766819475 47
1665373589016 7.358373365094585 48
1665373670892 7.339730274339437 49
1665373755867 7.335446736107953 50
1665373840684 7.317199030230122 51
1665373928667 7.2949019684849015 52
1665374013726 7.269870742736571 53
1665374096938 7.25452831375551 54
1665374177983 7.22731031471467 55
1665374258237 7.212627443443819 56
1665374338214 7.202490368042605 57
1665374417987 7.1861075167675095 58
1665374498317 7.166658522134804 59
1665374578454 7.13417460353499 60
1665374659240 7.120578676223755 61
1665374739381 7.1029745910062365 62
1665374818730 7.077836356488576 63
1665374898573 7.050928229285825 64
1665374978429 7.036153008860927 65
1665375058365 7.024460036908427 66
1665375138389 6.9919065313954505 67
1665375217393 6.9619666972467975 68
1665375297407 6.925255081345958 69
1665375377103 6.916231691837311 70
1665375457424 6.9161885924128645 71
1665375537611 6.918377866706695 72
1665375616761 6.909794708977826 73
1665375696335 6.9196524581445855 74
1665375776208 6.917588043597437 75
1665375845040 6.909055606428399 76
1665375888307 6.906751881641556 77
1665375969015 6.908234209420691 78
1665376049744 6.90214765648688 79
1665376129926 6.904242832814494 80
1665376210535 6.8995170016442575 81
1665376290072 6.891719314359849 82
1665376370832 6.890016203424538 83
1665376451725 6.884966038317087 84
1665376532942 6.878659223456938 85
1665376613535 6.879351441639973 86
1665376693744 6.872804698944091 87
1665376774587 6.871197690925445 88
1665376854602 6.8700206733425615 89
1665376934660 6.8744615446700745 90
1665377014989 6.86833841377689 91
1665377094290 6.864316286579255 92
1665377174765 6.856458167875966 93
1665377255639 6.85402040404967 94
1665377336524 6.849880141905513 95
1665377417445 6.846154927249893 96
1665377497723 6.8440076088809585 97
1665377578591 6.840028747497313 98
1665377659500 6.840871030284513 99
1665377740050 6.838619182186742 100
1665377821109 6.833811704413479 101
1665377901198 6.832017942782371 102
1665377981700 6.824374206604496 103
1665378062268 6.821647119137548 104
1665378143371 6.816465353012085 105
1665378224087 6.817364579702477 106
1665378305336 6.807568548194855 107
1665378386249 6.804820524162078 108
1665378467146 6.800101663214136 109
1665378547673 6.797295420400558 110
1665378607061 6.7872349125171 111
1665378663130 6.7835853765850604 112
1665378709226 6.783432035561067 113
1665378789583 6.780971056030642 114
1665378869717 6.779516831521065 115
1665378950372 6.774420988082886 116
1665379030837 6.772931277033794 117
1665379110515 6.771518483219377 118
1665379244457 6.770312833977512 119
