1665369643071 0.00035 0
1665369723361 3.5000000000000004e-05 1
1665369803969 7.000000000000001e-05 2
1665369887258 0.00010499999999999999 3
1665369969330 0.00014000000000000001 4
1665370052413 0.000175 5
1665370134261 0.00020999999999999998 6
1665370195626 0.000245 7
1665370252932 0.00028000000000000003 8
1665370301870 0.000315 9
1665370383615 0.00035 10
1665370464780 0.00035 11
1665370545731 0.00035 12
1665370625429 0.00035 13
1665370705847 0.00035 14
1665370786209 0.00035 15
1665370866385 0.00035 16
1665370946415 0.00035 17
1665371025845 0.00035 18
1665371108735 0.00035 19
1665371193883 0.00035 20
1665371280193 0.00035 21
1665371367148 0.00035 22
1665371456951 0.00035 23
1665371546843 0.00035 24
1665371632247 0.00035 25
1665371714469 0.00035 26
1665371795548 0.00035 27
1665371875434 0.00035 28
1665371957738 0.00035 29
1665372039300 0.00035 30
1665372121579 0.00035 31
1665372204101 0.00035 32
1665372284541 0.00035 33
1665372366813 0.00035 34
1665372449165 0.00035 35
1665372532682 0.00035 36
1665372613278 0.00035 37
1665372701296 0.00035 38
1665372792708 0.00035 39
1665372890412 3.5000000000000004e-05 40
1665372986197 3.5000000000000004e-05 41
1665373078910 3.5000000000000004e-05 42
1665373161175 3.5000000000000004e-05 43
1665373246088 3.5000000000000004e-05 44
1665373330804 3.5000000000000004e-05 45
1665373416748 3.5000000000000004e-05 46
1665373505461 3.5000000000000004e-05 47
1665373589016 3.5000000000000004e-05 48
1665373670892 3.5000000000000004e-05 49
1665373755867 3.5000000000000004e-05 50
1665373840684 3.5000000000000004e-05 51
1665373928667 3.5000000000000004e-05 52
1665374013726 3.5000000000000004e-05 53
1665374096938 3.5000000000000004e-05 54
1665374177983 3.5000000000000004e-05 55
1665374258237 3.5000000000000004e-05 56
1665374338214 3.5000000000000004e-05 57
1665374417987 3.5000000000000004e-05 58
1665374498317 3.5000000000000004e-05 59
1665374578454 3.5000000000000004e-05 60
1665374659240 3.5000000000000004e-05 61
1665374739381 3.5000000000000004e-05 62
1665374818730 3.5000000000000004e-05 63
1665374898573 3.5000000000000004e-05 64
1665374978429 3.5000000000000004e-05 65
1665375058365 3.5000000000000004e-05 66
1665375138389 3.5000000000000004e-05 67
1665375217393 3.5000000000000004e-05 68
1665375297407 3.5000000000000004e-05 69
1665375377103 3.5000000000000004e-06 70
1665375457424 3.5000000000000004e-06 71
1665375537611 3.5000000000000004e-06 72
1665375616761 3.5000000000000004e-06 73
1665375696335 3.5000000000000004e-06 74
1665375776208 3.5000000000000004e-06 75
1665375845040 3.5000000000000004e-06 76
1665375888307 3.5000000000000004e-06 77
1665375969015 3.5000000000000004e-06 78
1665376049744 3.5000000000000004e-06 79
1665376129926 3.5000000000000004e-06 80
1665376210535 3.5000000000000004e-06 81
1665376290072 3.5000000000000004e-06 82
1665376370832 3.5000000000000004e-06 83
1665376451725 3.5000000000000004e-06 84
1665376532942 3.5000000000000004e-06 85
1665376613535 3.5000000000000004e-06 86
1665376693744 3.5000000000000004e-06 87
1665376774587 3.5000000000000004e-06 88
1665376854602 3.5000000000000004e-06 89
1665376934660 3.5000000000000004e-06 90
1665377014989 3.5000000000000004e-06 91
1665377094290 3.5000000000000004e-06 92
1665377174765 3.5000000000000004e-06 93
1665377255639 3.5000000000000004e-06 94
1665377336524 3.5000000000000004e-06 95
1665377417445 3.5000000000000004e-06 96
1665377497723 3.5000000000000004e-06 97
1665377578591 3.5000000000000004e-06 98
1665377659500 3.5000000000000004e-06 99
1665377740050 3.5000000000000004e-06 100
1665377821109 3.5000000000000004e-06 101
1665377901198 3.5000000000000004e-06 102
1665377981700 3.5000000000000004e-06 103
1665378062268 3.5000000000000004e-06 104
1665378143371 3.5000000000000004e-06 105
1665378224087 3.5000000000000004e-06 106
1665378305336 3.5000000000000004e-06 107
1665378386249 3.5000000000000004e-06 108
1665378467146 3.5000000000000004e-06 109
1665378547673 3.5000000000000004e-06 110
1665378607061 3.5000000000000004e-06 111
1665378663130 3.5000000000000004e-06 112
1665378709226 3.5000000000000004e-06 113
1665378789583 3.5000000000000004e-06 114
1665378869717 3.5000000000000004e-06 115
1665378950372 3.5000000000000004e-06 116
1665379030837 3.5000000000000004e-06 117
1665379110515 3.5000000000000004e-06 118
1665379244457 3.5000000000000004e-06 119
