1665369643071 6.314720988752373 0
1665369723361 5.108672572905759 1
1665369803969 3.5642781147516396 2
1665369887258 2.4595513048171997 3
1665369969330 1.9215077929496764 4
1665370052413 1.700307111663512 5
1665370134261 1.6025562853582445 6
1665370195626 1.5639348294465774 7
1665370252932 1.5307098574215365 8
1665370301870 1.5230389617143139 9
1665370383615 1.4765260632961028 10
1665370464780 1.4399107925353511 11
1665370545731 1.400952065804876 12
1665370625429 1.4021747806464813 13
1665370705847 1.3801766217473042 14
1665370786209 1.3814472912784561 15
1665370866385 1.3586698373158772 16
1665370946415 1.3495590576685097 17
1665371025845 1.3554945523480335 18
1665371108735 1.3558764543878026 19
1665371193883 1.3488727447486693 20
1665371280193 1.3311300546892229 21
1665371367148 1.3319561510316786 22
1665371456951 1.3253555163260429 23
1665371546843 1.315023944743218 24
1665371632247 1.317759196281433 25
1665371714469 1.3058764671226104 26
1665371795548 1.3104564090330437 27
1665371875434 1.2989982677750798 28
1665371957738 1.2987807816769703 29
1665372039300 1.2888610516207286 30
1665372121579 1.2891427053505158 31
1665372204101 1.2829893851375962 32
1665372284541 1.2751594743421 33
1665372366813 1.270073336939658 34
1665372449165 1.2640789914801418 35
1665372532682 1.2603757735715813 36
1665372613278 1.2529020352535938 37
1665372701296 1.2529440269470216 38
1665372792708 1.2576475229955488 39
1665372890412 1.2099380882516984 40
1665372986197 1.1487270947919792 41
1665373078910 1.1347895764921563 42
1665373161175 1.1282384070047893 43
1665373246088 1.1200762565834934 44
1665373330804 1.1148641770144543 45
1665373416748 1.109180238352243 46
1665373505461 1.1052178575331906 47
1665373589016 1.105980504905024 48
1665373670892 1.1022889083213652 49
1665373755867 1.1019238074298812 50
1665373840684 1.0961937000674586 51
1665373928667 1.0960048245617664 52
1665374013726 1.0931196844721416 53
1665374096938 1.09467240749114 54
1665374177983 1.0909399177175927 55
1665374258237 1.092361302739645 56
1665374338214 1.0900357736641144 57
1665374417987 1.0901047211574264 58
1665374498317 1.088104245174362 59
1665374578454 1.0895506732435112 60
1665374659240 1.0862375831604003 61
1665374739381 1.0834512236606644 62
1665374818730 1.0838854901761894 63
1665374898573 1.0806054242195622 64
1665374978429 1.0817003658702296 65
1665375058365 1.0800333720061086 66
1665375138389 1.081324298535624 67
1665375217393 1.0760997980833054 68
1665375297407 1.0795861828711726 69
1665375377103 1.0748257824490148 70
1665375457424 1.0723034866363648 71
1665375537611 1.0703185945150842 72
1665375616761 1.0692885399830003 73
1665375696335 1.0689150847886737 74
1665375776208 1.0662123176359362 75
1665375845040 1.0664119083718602 76
1665375888307 1.0664656827727474 77
1665375969015 1.0639830550036755 78
1665376049744 1.06429442474919 79
1665376129926 1.063764101074588 80
1665376210535 1.0651923740102398 81
1665376290072 1.0653449878577264 82
1665376370832 1.0643825023528561 83
1665376451725 1.0634391145055073 84
1665376532942 1.0635418370066876 85
1665376613535 1.0616625944773357 86
1665376693744 1.0622824354171754 87
1665376774587 1.0613664752508263 88
1665376854602 1.0634251393769916 89
1665376934660 1.0630263012913075 90
1665377014989 1.0623320711235846 91
1665377094290 1.062440453037139 92
1665377174765 1.061546885678845 93
1665377255639 1.0617303398239564 94
1665377336524 1.0608561900724847 95
1665377417445 1.0620138539846642 96
1665377497723 1.0614672501881917 97
1665377578591 1.0601939293275398 98
1665377659500 1.0601453761900625 99
1665377740050 1.0609228808072306 100
1665377821109 1.0611688018323906 101
1665377901198 1.0603291435587792 102
1665377981700 1.0600247017798885 103
1665378062268 1.0602295514075988 104
1665378143371 1.0600340566635131 105
1665378224087 1.060628676031488 106
1665378305336 1.0604976190620636 107
1665378386249 1.055402675785693 108
1665378467146 1.0596311844017612 109
1665378547673 1.058675749648002 110
1665378607061 1.0597711516777997 111
1665378663130 1.058311108152876 112
1665378709226 1.0588427298519028 113
1665378789583 1.0574266737507236 114
1665378869717 1.0575434200225338 115
1665378950372 1.0585229711532593 116
1665379030837 1.0585268544384754 117
1665379110515 1.0571467507795158 118
1665379244457 1.0581154990866481 119
