1665369643071 0.886469528497941 0
1665369723361 0.36298559054014196 1
1665369803969 0.18512952013173137 2
1665369887258 0.10119644600711764 3
1665369969330 0.05873905983846635 4
1665370052413 0.03592678931556702 5
1665370134261 0.02336761428629078 6
1665370195626 0.01593057227681481 7
1665370252932 0.011615361928218795 8
1665370301870 0.00894857031075404 9
1665370383615 0.007346402040697754 10
1665370464780 0.006270430760548239 11
1665370545731 0.005637388756820356 12
1665370625429 0.00512419648685429 13
1665370705847 0.004837742211843231 14
1665370786209 0.0046036069330022515 15
1665370866385 0.004399932616102289 16
1665370946415 0.0042637387331739725 17
1665371025845 0.004082749808117388 18
1665371108735 0.003949725611442064 19
1665371193883 0.003864415232167249 20
1665371280193 0.0036777719731382547 21
1665371367148 0.0036468183576700186 22
1665371456951 0.003521600228381313 23
1665371546843 0.0033770654925085125 24
1665371632247 0.003286687300540507 25
1665371714469 0.0031884043995500447 26
1665371795548 0.003098455190389271 27
1665371875434 0.0029977163277476668 28
1665371957738 0.0028910883646233974 29
1665372039300 0.002777929051244355 30
1665372121579 0.002720322023261802 31
1665372204101 0.002652122413769484 32
1665372284541 0.0025445075072873862 33
1665372366813 0.0025293396705115636 34
1665372449165 0.0024354940216733986 35
1665372532682 0.0023897882723006377 36
1665372613278 0.0023581278388833545 37
1665372701296 0.002286945947445929 38
1665372792708 0.0022825698026516022 39
1665372890412 0.0019875057661274988 40
1665372986197 0.0017662179949936498 41
1665373078910 0.0017219640769954607 42
1665373161175 0.001699871714619628 43
1665373246088 0.0016886769306759938 44
1665373330804 0.001684351014459588 45
1665373416748 0.0016608350946713823 46
1665373505461 0.0016628057269536588 47
1665373589016 0.0016517490101602649 48
1665373670892 0.0016537973957008074 49
1665373755867 0.0016401654772973254 50
1665373840684 0.0016303686105886535 51
1665373928667 0.001623688579394845 52
1665374013726 0.001616210295224046 53
1665374096938 0.0016250453349838715 54
1665374177983 0.001599202032601199 55
1665374258237 0.0016090024863912099 56
1665374338214 0.001598100299501874 57
1665374417987 0.0015852975184060484 58
1665374498317 0.0015834884659151535 59
1665374578454 0.0015744691084412087 60
1665374659240 0.0015506743593141437 61
1665374739381 0.0015468524827857513 62
1665374818730 0.0015404979856385584 63
1665374898573 0.0015169335012849901 64
1665374978429 0.0015160542224616474 65
1665375058365 0.0014935843116085556 66
1665375138389 0.0014833106956024084 67
1665375217393 0.001465964101953432 68
1665375297407 0.0014574623783119023 69
1665375377103 0.0014309335505634907 70
1665375457424 0.0013995441798883748 71
1665375537611 0.0013902959129567366 72
1665375616761 0.0013826313006280646 73
1665375696335 0.001381029824062669 74
1665375776208 0.0013797565479762852 75
1665375845040 0.0013708806714514293 76
1665375888307 0.0013790322592983164 77
1665375969015 0.0013680815328301556 78
1665376049744 0.0013622658922442146 79
1665376129926 0.0013593903596272631 80
1665376210535 0.0013580539183045226 81
1665376290072 0.0013683575779132003 82
1665376370832 0.0013606839679578043 83
1665376451725 0.0013498516115603078 84
1665376532942 0.0013589866246175334 85
1665376613535 0.001350497839557209 86
1665376693744 0.0013515970697626472 87
1665376774587 0.0013425165701313432 88
1665376854602 0.0013433355368628556 89
1665376934660 0.0013467432103432746 90
1665377014989 0.0013573615607099547 91
1665377094290 0.0013485574384122306 92
1665377174765 0.001342855832791106 93
1665377255639 0.0013387776826167981 94
1665377336524 0.0013397739588630845 95
1665377417445 0.0013481548077512876 96
1665377497723 0.0013411380776043337 97
1665377578591 0.0013400038071238551 98
1665377659500 0.00133513227187758 99
1665377740050 0.0013444111410212973 100
1665377821109 0.0013360704817102257 101
1665377901198 0.0013361334863622042 102
1665377981700 0.0013247466643318353 103
1665378062268 0.0013347260387343986 104
1665378143371 0.0013298802827484905 105
1665378224087 0.0013269525971338451 106
1665378305336 0.00133043120804067 107
1665378386249 0.001313490418148747 108
1665378467146 0.0013238676373910413 109
1665378547673 0.0013129151775501668 110
1665378607061 0.0013135309356570183 111
1665378663130 0.0013114259402015008 112
1665378709226 0.0013077868327281501 113
1665378789583 0.0013042813943391065 114
1665378869717 0.001307979884703884 115
1665378950372 0.0013055896270088851 116
1665379030837 0.0013018676049887654 117
1665379110515 0.0012974496701747239 118
1665379244457 0.0012998164254596017 119
