1665369643071 1.5544261757628506 0
1665369723361 0.6038731529889815 1
1665369803969 0.41651457919174406 2
1665369887258 0.3105281039625406 3
1665369969330 0.2503485332727432 4
1665370052413 0.21736354648648018 5
1665370134261 0.19405905385651895 6
1665370195626 0.19069388259442582 7
1665370252932 0.17584172086489777 8
1665370301870 0.17656318823836983 9
1665370383615 0.15201774242544366 10
1665370464780 0.14414451064001169 11
1665370545731 0.13229204498859773 12
1665370625429 0.13464683491781534 13
1665370705847 0.12381910091363282 14
1665370786209 0.12255837614217915 15
1665370866385 0.11628484975800936 16
1665370946415 0.1130753408174917 17
1665371025845 0.11844284437507031 18
1665371108735 0.13015597511127772 19
1665371193883 0.12297813349493569 20
1665371280193 0.11085493697394286 21
1665371367148 0.11319393772752054 22
1665371456951 0.11392331402748823 23
1665371546843 0.11183937240932737 24
1665371632247 0.11641926330327988 25
1665371714469 0.1129497582743685 26
1665371795548 0.12035352567652143 27
1665371875434 0.1114941151685504 28
1665371957738 0.1137337215155004 29
1665372039300 0.10651905463641906 30
1665372121579 0.12391886631228838 31
1665372204101 0.11329903993680773 32
1665372284541 0.11034134299223942 33
1665372366813 0.10491143897055619 34
1665372449165 0.10518678771444114 35
1665372532682 0.10459378915259158 36
1665372613278 0.09753240561150164 37
1665372701296 0.10202442894876003 38
1665372792708 0.10418241149595668 39
1665372890412 0.07143193623051047 40
1665372986197 0.043802458299211706 41
1665373078910 0.036215227411453985 42
1665373161175 0.03428634911416525 43
1665373246088 0.030656056156957965 44
1665373330804 0.029500773827354592 45
1665373416748 0.026170929048554486 46
1665373505461 0.02401423138607458 47
1665373589016 0.023367167510572943 48
1665373670892 0.023326403125818924 49
1665373755867 0.02224219880002713 50
1665373840684 0.018841063047969533 51
1665373928667 0.018143650682934796 52
1665374013726 0.0178841129992621 53
1665374096938 0.019998679034800893 54
1665374177983 0.017504105067636114 55
1665374258237 0.014667477623286497 56
1665374338214 0.017667378497171593 57
1665374417987 0.01824908636241074 58
1665374498317 0.01567510632147272 59
1665374578454 0.017408558769697643 60
1665374659240 0.015694641411304475 61
1665374739381 0.014841073458213883 62
1665374818730 0.013805917393131906 63
1665374898573 0.01321076048958686 64
1665374978429 0.013050533395500915 65
1665375058365 0.013011621807010905 66
1665375138389 0.014095616737200369 67
1665375217393 0.011460831118447165 68
1665375297407 0.013258946924320152 69
1665375377103 0.012637837279227472 70
1665375457424 0.012017627796494817 71
1665375537611 0.010447662967036527 72
1665375616761 0.010647293150062985 73
1665375696335 0.010404937844044766 74
1665375776208 0.008640062619721698 75
1665375845040 0.01001019313572401 76
1665375888307 0.010919949032336354 77
1665375969015 0.010176856280210984 78
1665376049744 0.008328500549278913 79
1665376129926 0.00860686571667752 80
1665376210535 0.009481583030954484 81
1665376290072 0.010540418011406738 82
1665376370832 0.009566955253422021 83
1665376451725 0.008186799978994462 84
1665376532942 0.010260916199071341 85
1665376613535 0.009229947539816898 86
1665376693744 0.008133386835455895 87
1665376774587 0.006713122219206339 88
1665376854602 0.009231569237916576 89
1665376934660 0.0077986449138958925 90
1665377014989 0.008904195300513697 91
1665377094290 0.008889253927214492 92
1665377174765 0.007885341021803117 93
1665377255639 0.0076556199391084505 94
1665377336524 0.00868677086080892 95
1665377417445 0.00852213387777767 96
1665377497723 0.007882482031861463 97
1665377578591 0.007550309371038613 98
1665377659500 0.00839653785430616 99
1665377740050 0.009241789459220825 100
1665377821109 0.007639849042317954 101
1665377901198 0.008183789094008746 102
1665377981700 0.006377439540360243 103
1665378062268 0.007810179474613359 104
1665378143371 0.008310822516679764 105
1665378224087 0.008761313231474903 106
1665378305336 0.007448782478590088 107
1665378386249 0.005509767000634508 108
1665378467146 0.007977203327608874 109
1665378547673 0.0073844684558289665 110
1665378607061 0.008702546885983663 111
1665378663130 0.007993512881188257 112
1665378709226 0.00785059650918566 113
1665378789583 0.007683089258329522 114
1665378869717 0.0066747151675724216 115
1665378950372 0.007942985907197 116
1665379030837 0.0071757448216279345 117
1665379110515 0.008358560667100202 118
1665379244457 0.006871545455422267 119
