1665365550735 1.230855451046842 0
1665365585003 0.24984698988569592 1
1665365619161 0.10125647976812793 2
1665365654102 0.06482306341754226 3
1665365688564 0.04495322931467033 4
1665365722968 0.03587876366360522 5
1665365757428 0.02706202466676875 6
1665365791998 0.024402371393062356 7
1665365827260 0.022810659317935748 8
1665365864073 0.021996259866509497 9
1665365899450 0.01911582444317457 10
1665365934921 0.017700402421036328 11
1665365970014 0.016461465991490964 12
1665366005571 0.013498715084136987 13
1665366040356 0.013406098502256521 14
1665366075257 0.012459054999550787 15
1665366109951 0.012489083723914695 16
1665366144617 0.011622391107333143 17
1665366179379 0.010173752032810958 18
1665366214142 0.012738310670048544 19
1665366249554 0.011772276009092244 20
1665366284194 0.013718555742738451 21
1665366319376 0.012235226791079452 22
1665366355878 0.012569878850041367 23
1665366392426 0.01386343559659109 24
1665366426785 0.013217102752135295 25
1665366461623 0.014710487196565543 26
1665366496242 0.013038584108021363 27
1665366530801 0.011593716145243222 28
1665366565212 0.011835678399358762 29
1665366599622 0.01253044831498367 30
1665366634968 0.012271415276407469 31
1665366670177 0.013000105187387728 32
1665366704770 0.011931027654024613 33
1665366741634 0.013471718882664857 34
1665366780185 0.012503301987008563 35
1665366819116 0.011259008972064673 36
1665366857025 0.011601371335733718 37
1665366894648 0.011696350469154496 38
1665366931132 0.0142054719486978 39
1665366975533 0.008759928491373302 40
1665367015007 0.0052920119318736305 41
1665367055753 0.004493886188833378 42
1665367100299 0.002900125424462092 43
1665367143479 0.0028366742871429136 44
1665367180965 0.003641062287795471 45
1665367225234 0.0022058531551099403 46
1665367268918 0.0027652766243213924 47
1665367305014 0.0024038185751656207 48
1665367339587 0.0018104212042125104 49
1665367373967 0.0016538418636734154 50
1665367408256 0.0024602682017766447 51
1665367442342 0.0014720642121463286 52
1665367476391 0.0019474600030041141 53
1665367510559 0.0021927679542497525 54
1665367544703 0.0014196703000357602 55
1665367578748 0.0017721420699139921 56
1665367612759 0.0013998195251641685 57
1665367646629 0.0015375747336257323 58
1665367680850 0.001508744534036917 59
1665367714905 0.001535697744750395 60
1665367748920 0.0011574663892365516 61
1665367782741 0.0010508416421989928 62
1665367816862 0.0012765767592255299 63
1665367851175 0.0012738253026680787 64
1665367885465 0.001662071507189025 65
1665367919780 0.001525161881677951 66
1665367954070 0.0009777685808180605 67
1665367988183 0.001135452811197355 68
1665368023583 0.0012205523734049098 69
1665368058986 0.001442540646317733 70
1665368093978 0.0011827189272141778 71
1665368128681 0.001320400790028347 72
1665368163486 0.0013238446378126378 73
1665368198036 0.0013853445404958798 74
1665368232554 0.0012725984768939737 75
1665368266871 0.0014911664534559093 76
1665368300993 0.0009154886734194872 77
1665368335046 0.0010531126481776194 78
1665368436902 0.0006486799526766578 79
1665368470844 0.000902696514307669 80
1665368504973 0.0010292242349284452 81
1665368539193 0.0009393480519775482 82
1665368573554 0.0005966898175978624 83
1665368610564 0.0007183064297750229 84
1665368644901 0.0006394154014542881 85
1665368679127 0.0007959382389398182 86
1665368713205 0.00047400881190054966 87
1665368747500 0.0004624687407801791 88
1665368781600 0.0006988286375772299 89
1665368817910 0.0013285138652796243 90
1665368854015 0.0009327184708459621 91
1665368889480 0.0006243422491157927 92
1665368924962 0.0006372826264762297 93
1665368960629 0.0009057678236830526 94
1665368996528 0.0005447910280852783 95
1665369032328 0.0007328465897409082 96
1665369069225 0.0010303262365728761 97
1665369106150 0.0005459840990404047 98
1665369144715 0.0007095667804835491 99
1665369183877 0.001052529072934171 100
1665369221348 0.0004305621867476985 101
1665369257543 0.0006662234573543651 102
1665369293502 0.000491878821900705 103
1665369330415 0.0006078138644736056 104
1665369366230 0.0007758531673793114 105
1665369401544 0.0009474988670690971 106
1665369437664 0.0008591364699560534 107
1665369474969 0.0007127656655621182 108
1665369510919 0.0003955093462292741 109
1665369547251 0.0004033522373746808 110
1665369602614 0.0005742969502490468 111
1665369668748 0.0011300859473100523 112
1665369735306 0.0004630223995574364 113
1665369802663 0.0005993442059062966 114
1665369872103 0.0008158243829157294 115
1665369939347 0.000488587803343629 116
1665370008142 0.000763051025569439 117
1665370076314 0.0004954515944274779 118
1665370223253 0.0007898653603283824 119
