1665365550735 8.36736775139003 0
1665365585003 4.027817955294859 1
1665365619161 3.931726003274685 2
1665365654102 4.1282091443131606 3
1665365688564 4.344673007872046 4
1665365722968 4.4841788094218185 5
1665365757428 4.647613713799453 6
1665365791998 4.68180314273369 7
1665365827260 4.631863417276522 8
1665365864073 4.707453271819324 9
1665365899450 4.719771729446039 10
1665365934921 4.657661507769329 11
1665365970014 4.6207538438074796 12
1665366005571 4.660657880364395 13
1665366040356 4.622478857273009 14
1665366075257 4.565114163657994 15
1665366109951 4.519044748166713 16
1665366144617 4.476470613479615 17
1665366179379 4.421987756868688 18
1665366214142 4.328836156100762 19
1665366249554 4.290870303642459 20
1665366284194 4.167049639399459 21
1665366319376 4.14831472024685 22
1665366355878 4.046666889655881 23
1665366392426 3.9999871626132872 24
1665366426785 3.899709251450329 25
1665366461623 3.8352763108836796 26
1665366496242 3.8037657471536432 27
1665366530801 3.778550560881452 28
1665366565212 3.744430462907 29
1665366599622 3.686044989562616 30
1665366634968 3.602917472327628 31
1665366670177 3.607180643081665 32
1665366704770 3.5740562392444146 33
1665366741634 3.5328253397127476 34
1665366780185 3.495295741025684 35
1665366819116 3.4644044984891575 36
1665366857025 3.461822622030684 37
1665366894648 3.4122735296638265 38
1665366931132 3.376305245190132 39
1665366975533 3.452610003075949 40
1665367015007 3.5112623179831157 41
1665367055753 3.5679923863086884 42
1665367100299 3.6056557969349186 43
1665367143479 3.6307147968106155 44
1665367180965 3.67777482242119 45
1665367225234 3.690910388202202 46
1665367268918 3.6900584941957053 47
1665367305014 3.704507143904523 48
1665367339587 3.7195125899268584 49
1665367373967 3.7141087738055627 50
1665367408256 3.7118076745746205 51
1665367442342 3.7266660411183428 52
1665367476391 3.723618702772187 53
1665367510559 3.7315681248176387 54
1665367544703 3.7386176004642393 55
1665367578748 3.735525032369102 56
1665367612759 3.723375333290474 57
1665367646629 3.7000757105210247 58
1665367680850 3.691470148505234 59
1665367714905 3.7119369471945416 60
1665367748920 3.7059006632543077 61
1665367782741 3.7001417209120357 62
1665367816862 3.6962364975999042 63
1665367851175 3.6911856711489484 64
1665367885465 3.6678511529292877 65
1665367919780 3.6619027459505693 66
1665367954070 3.6711637094182876 67
1665367988183 3.659104717068556 68
1665368023583 3.628624912587608 69
1665368058986 3.6241881196091814 70
1665368093978 3.633010304441639 71
1665368128681 3.6514218659961926 72
1665368163486 3.642230521178827 73
1665368198036 3.6491794830415305 74
1665368232554 3.649010204574437 75
1665368266871 3.651082077072662 76
1665368300993 3.6526163926938686 77
1665368335046 3.6498762665725337 78
1665368436902 3.663684698430503 79
1665368470844 3.6547247119066193 80
1665368504973 3.654477424156375 81
1665368539193 3.6538282289737607 82
1665368573554 3.655016288524721 83
1665368610564 3.6524837749760324 84
1665368644901 3.6597851346178754 85
1665368679127 3.651557356703515 86
1665368713205 3.6555953364746245 87
1665368747500 3.6606114969020935 88
1665368781600 3.659507045513246 89
1665368817910 3.6429768352973753 90
1665368854015 3.645810036542939 91
1665368889480 3.6637117223041815 92
1665368924962 3.6491179861673495 93
1665368960629 3.647098780841362 94
1665368996528 3.667073608026272 95
1665369032328 3.654661640380193 96
1665369069225 3.63869024596168 97
1665369106150 3.6484495308792706 98
1665369144715 3.6492544551497526 99
1665369183877 3.635132416283212 100
1665369221348 3.637756816352286 101
1665369257543 3.6549421722449145 102
1665369293502 3.652336838187241 103
1665369330415 3.6496705904239564 104
1665369366230 3.632699950068605 105
1665369401544 3.6459395698472563 106
1665369437664 3.64329895463962 107
1665369474969 3.63923177441347 108
1665369510919 3.642189396881476 109
1665369547251 3.6347338804384557 110
1665369602614 3.64490156638913 111
1665369668748 3.6308868303531554 112
1665369735306 3.6343465409627775 113
1665369802663 3.6364753095115105 114
1665369872103 3.6116547258888803 115
1665369939347 3.6119473050280315 116
1665370008142 3.6255871551792795 117
1665370076314 3.618406388817764 118
1665370223253 3.6199978188770574 119
