1665365550735 8.829245324273712 0
1665365585003 3.2981960553567387 1
1665365619161 2.736354716231183 2
1665365654102 2.743493718635745 3
1665365688564 2.81935033681916 4
1665365722968 2.9012901480604962 5
1665365757428 2.9600240893480256 6
1665365791998 2.9935888499748415 7
1665365827260 2.947893463693014 8
1665365864073 2.990976825574549 9
1665365899450 2.9579596286866723 10
1665365934921 2.8954782009124758 11
1665365970014 2.86159837824627 12
1665366005571 2.843758545852289 13
1665366040356 2.836157181204819 14
1665366075257 2.757961397032136 15
1665366109951 2.7335438332906583 16
1665366144617 2.6850383153775845 17
1665366179379 2.6459417889757852 18
1665366214142 2.5766580907309926 19
1665366249554 2.562132066633643 20
1665366284194 2.485598390858348 21
1665366319376 2.45863612454112 22
1665366355878 2.3947537329138777 23
1665366392426 2.3692530492456947 24
1665366426785 2.2950127543472663 25
1665366461623 2.263047709048373 26
1665366496242 2.210115503338934 27
1665366530801 2.1829261302948 28
1665366565212 2.1692218268789896 29
1665366599622 2.1210836125583183 30
1665366634968 2.0727108972828563 31
1665366670177 2.0755609332061393 32
1665366704770 2.034569054115109 33
1665366741634 2.0108696745663153 34
1665366780185 1.9781176621474108 35
1665366819116 1.9552608363836714 36
1665366857025 1.9437649348407116 37
1665366894648 1.9114899131858234 38
1665366931132 1.904700412401339 39
1665366975533 1.8520876634411696 40
1665367015007 1.832120055105628 41
1665367055753 1.836867139756101 42
1665367100299 1.8350186842243845 43
1665367143479 1.835834961402707 44
1665367180965 1.8287720249920356 45
1665367225234 1.8198622622141023 46
1665367268918 1.8323083691480684 47
1665367305014 1.8238396714373333 48
1665367339587 1.8219482094338797 49
1665367373967 1.8159007812009273 50
1665367408256 1.8100499198274704 51
1665367442342 1.7986950060216391 52
1665367476391 1.802194597662949 53
1665367510559 1.7945712008127352 54
1665367544703 1.7921935058221585 55
1665367578748 1.7833404000212507 56
1665367612759 1.7833598974873037 57
1665367646629 1.7743647910800635 58
1665367680850 1.772707236685404 59
1665367714905 1.7610819514204816 60
1665367748920 1.7587423418082444 61
1665367782741 1.750584276867848 62
1665367816862 1.7417899556276275 63
1665367851175 1.7387072582846705 64
1665367885465 1.7344970049209965 65
1665367919780 1.7260647190427316 66
1665367954070 1.7190859578188182 67
1665367988183 1.6988640942224642 68
1665368023583 1.696812993142663 69
1665368058986 1.6918128310180292 70
1665368093978 1.6868982718271368 71
1665368128681 1.6840097109476726 72
1665368163486 1.681480714751453 73
1665368198036 1.6797918028947785 74
1665368232554 1.6778903181113085 75
1665368266871 1.682558653424087 76
1665368300993 1.6733623737242165 77
1665368335046 1.671895797659711 78
1665368436902 1.6717846312173983 79
1665368470844 1.669499051280138 80
1665368504973 1.6689106917962795 81
1665368539193 1.6703822502275794 82
1665368573554 1.6654512225127802 83
1665368610564 1.659299238135175 84
1665368644901 1.66539246221868 85
1665368679127 1.6682518679721683 86
1665368713205 1.664513959019792 87
1665368747500 1.6579467267524906 88
1665368781600 1.6605491492806412 89
1665368817910 1.6637331386891807 90
1665368854015 1.6569020172444786 91
1665368889480 1.651930873568465 92
1665368924962 1.6538260651797783 93
1665368960629 1.6573237378422807 94
1665368996528 1.645375308757875 95
1665369032328 1.6505816191145517 96
1665369069225 1.6498270052150614 97
1665369106150 1.6469495360133717 98
1665369144715 1.6480514592337376 99
1665369183877 1.6509755593974416 100
1665369221348 1.6400700540077395 101
1665369257543 1.6440637071155808 102
1665369293502 1.6378706711094553 103
1665369330415 1.6436817797218881 104
1665369366230 1.6430723421713884 105
1665369401544 1.6405236691820855 106
1665369437664 1.6384719818541147 107
1665369474969 1.638860249403611 108
1665369510919 1.637491901327924 109
1665369547251 1.6326953608815262 110
1665369602614 1.6312965067421519 111
1665369668748 1.632517207541117 112
1665369735306 1.6240244731670472 113
1665369802663 1.6248439288720853 114
1665369872103 1.6330612083760703 115
1665369939347 1.6292866602176572 116
1665370008142 1.6260899898482533 117
1665370076314 1.6268321543205075 118
1665370223253 1.6252786659612888 119
