1665365550735 10.16280746459961 0
1665365585003 6.610952377319336 1
1665365619161 4.693855285644531 2
1665365654102 3.446866750717163 3
1665365688564 2.6302919387817383 4
1665365722968 2.202594518661499 5
1665365757428 1.9522347450256348 6
1665365791998 1.838110089302063 7
1665365827260 1.7742496728897095 8
1665365864073 1.7325499057769775 9
1665365899450 1.6612902879714966 10
1665365934921 1.5863114595413208 11
1665365970014 1.555996060371399 12
1665366005571 1.5064501762390137 13
1665366040356 1.4993488788604736 14
1665366075257 1.467711091041565 15
1665366109951 1.4661680459976196 16
1665366144617 1.4522333145141602 17
1665366179379 1.442041039466858 18
1665366214142 1.4454519748687744 19
1665366249554 1.4464472532272339 20
1665366284194 1.4643151760101318 21
1665366319376 1.4355356693267822 22
1665366355878 1.4311537742614746 23
1665366392426 1.4386801719665527 24
1665366426785 1.4256889820098877 25
1665366461623 1.4437607526779175 26
1665366496242 1.4219681024551392 27
1665366530801 1.4141961336135864 28
1665366565212 1.4042390584945679 29
1665366599622 1.4099304676055908 30
1665366634968 1.401584506034851 31
1665366670177 1.4162921905517578 32
1665366704770 1.3870190382003784 33
1665366741634 1.39471435546875 34
1665366780185 1.3849674463272095 35
1665366819116 1.3783249855041504 36
1665366857025 1.3762165307998657 37
1665366894648 1.3787236213684082 38
1665366931132 1.3910762071609497 39
1665366975533 1.299821376800537 40
1665367015007 1.2093676328659058 41
1665367055753 1.1871596574783325 42
1665367100299 1.1711161136627197 43
1665367143479 1.1639351844787598 44
1665367180965 1.155378818511963 45
1665367225234 1.1427747011184692 46
1665367268918 1.1448054313659668 47
1665367305014 1.1379045248031616 48
1665367339587 1.1330851316452026 49
1665367373967 1.1295080184936523 50
1665367408256 1.1321040391921997 51
1665367442342 1.123327612876892 52
1665367476391 1.1227085590362549 53
1665367510559 1.1244271993637085 54
1665367544703 1.1183704137802124 55
1665367578748 1.1178144216537476 56
1665367612759 1.117228388786316 57
1665367646629 1.1185799837112427 58
1665367680850 1.117714285850525 59
1665367714905 1.1079226732254028 60
1665367748920 1.108024001121521 61
1665367782741 1.1103559732437134 62
1665367816862 1.1063783168792725 63
1665367851175 1.1090388298034668 64
1665367885465 1.106715202331543 65
1665367919780 1.1052885055541992 66
1665367954070 1.1037918329238892 67
1665367988183 1.098667025566101 68
1665368023583 1.10045325756073 69
1665368058986 1.0991299152374268 70
1665368093978 1.0918281078338623 71
1665368128681 1.0914345979690552 72
1665368163486 1.0925259590148926 73
1665368198036 1.0868415832519531 74
1665368232554 1.091849446296692 75
1665368266871 1.0915305614471436 76
1665368300993 1.0857237577438354 77
1665368335046 1.085451602935791 78
1665368436902 1.084693431854248 79
1665368470844 1.0841686725616455 80
1665368504973 1.0833320617675781 81
1665368539193 1.0822131633758545 82
1665368573554 1.0793753862380981 83
1665368610564 1.079793095588684 84
1665368644901 1.0794494152069092 85
1665368679127 1.0827312469482422 86
1665368713205 1.079735279083252 87
1665368747500 1.0800763368606567 88
1665368781600 1.0812444686889648 89
1665368817910 1.0833632946014404 90
1665368854015 1.081222653388977 91
1665368889480 1.077685832977295 92
1665368924962 1.0802180767059326 93
1665368960629 1.0812222957611084 94
1665368996528 1.077978491783142 95
1665369032328 1.0785324573516846 96
1665369069225 1.0812186002731323 97
1665369106150 1.0770998001098633 98
1665369144715 1.0789917707443237 99
1665369183877 1.0804728269577026 100
1665369221348 1.0751628875732422 101
1665369257543 1.0755045413970947 102
1665369293502 1.0745728015899658 103
1665369330415 1.0775007009506226 104
1665369366230 1.0771164894104004 105
1665369401544 1.0792397260665894 106
1665369437664 1.0755597352981567 107
1665369474969 1.0736380815505981 108
1665369510919 1.075239658355713 109
1665369547251 1.0742820501327515 110
1665369602614 1.074640154838562 111
1665369668748 1.078372597694397 112
1665369735306 1.0736533403396606 113
1665369802663 1.0736937522888184 114
1665369872103 1.0769487619400024 115
1665369939347 1.0734150409698486 116
1665370008142 1.077111840248108 117
1665370076314 1.0745598077774048 118
1665370223253 1.0754778385162354 119
