1665365550735 20.30256142199618 0
1665365585003 13.02670911214884 1
1665365619161 12.24463825691037 2
1665365654102 12.335698337089724 3
1665365688564 12.498437606997607 4
1665365722968 12.641376946612102 5
1665365757428 12.813416220502155 6
1665365791998 12.721606342966963 7
1665365827260 12.578418136224514 8
1665365864073 12.531673952428307 9
1665365899450 12.400612268215273 10
1665365934921 12.065810529197135 11
1665365970014 11.903220060959603 12
1665366005571 11.789626679769377 13
1665366040356 11.580232876103098 14
1665366075257 11.334539663444446 15
1665366109951 11.171380573365747 16
1665366144617 10.983449312535727 17
1665366179379 10.800436419975467 18
1665366214142 10.516171036697015 19
1665366249554 10.304200228249154 20
1665366284194 10.049148280446122 21
1665366319376 9.871699226193313 22
1665366355878 9.607492777196372 23
1665366392426 9.46398186567353 24
1665366426785 9.253227271103277 25
1665366461623 9.063282818470187 26
1665366496242 8.88468262755755 27
1665366530801 8.74761254380389 28
1665366565212 8.624124536281679 29
1665366599622 8.474281571551067 30
1665366634968 8.299177248884991 31
1665366670177 8.22188490890875 32
1665366704770 8.118747243648622 33
1665366741634 7.987678416182355 34
1665366780185 7.880672834451916 35
1665366819116 7.80563578559357 36
1665366857025 7.726003156124967 37
1665366894648 7.635018547761788 38
1665366931132 7.5764922211809855 39
1665366975533 7.578857145076845 40
1665367015007 7.568109812387606 41
1665367055753 7.578265530391804 42
1665367100299 7.579269692955948 43
1665367143479 7.58663897165438 44
1665367180965 7.572270660865597 45
1665367225234 7.556254331077017 46
1665367268918 7.549843962599591 47
1665367305014 7.537859035119777 48
1665367339587 7.526911675351338 49
1665367373967 7.515245601968858 50
1665367408256 7.490547532016791 51
1665367442342 7.469469924089386 52
1665367476391 7.455678237356791 53
1665367510559 7.4205626255128445 54
1665367544703 7.413976362274914 55
1665367578748 7.395563241912098 56
1665367612759 7.365092712290147 57
1665367646629 7.3398853470297425 58
1665367680850 7.314932699901302 59
1665367714905 7.295986691916861 60
1665367748920 7.282273229430704 61
1665367782741 7.255274658109627 62
1665367816862 7.241495630217761 63
1665367851175 7.2078581666483466 64
1665367885465 7.177956199183048 65
1665367919780 7.151012450745962 66
1665367954070 7.13463895992168 67
1665367988183 7.107625119279071 68
1665368023583 7.076746226520073 69
1665368058986 7.060733778883772 70
1665368093978 7.061254793522405 71
1665368128681 7.06330902669944 72
1665368163486 7.057574502433218 73
1665368198036 7.052202254969899 74
1665368232554 7.053735661275178 75
1665368266871 7.047100583326469 76
1665368300993 7.0464610820863305 77
1665368335046 7.044579987409638 78
1665368436902 7.041402228285627 79
1665368470844 7.039529463139976 80
1665368504973 7.035965100730338 81
1665368539193 7.032641703908037 82
1665368573554 7.029674248579072 83
1665368610564 7.027465089937536 84
1665368644901 7.022943882825898 85
1665368679127 7.016605229938731 86
1665368713205 7.017577835157806 87
1665368747500 7.016239212780464 88
1665368781600 7.011655446959705 89
1665368817910 7.0064849690693185 90
1665368854015 7.002668141155708 91
1665368889480 7.000037200276444 92
1665368924962 6.993933510198826 93
1665368960629 6.99086162985825 94
1665368996528 6.9904807532705915 95
1665369032328 6.985570775652395 96
1665369069225 6.979341321778529 97
1665369106150 6.97835662064043 98
1665369144715 6.976327407707289 99
1665369183877 6.9684441240822395 100
1665369221348 6.966197009202911 101
1665369257543 6.9642677098801995 102
1665369293502 6.962517752298495 103
1665369330415 6.959580942479575 104
1665369366230 6.950905133696163 105
1665369401544 6.9498234239279055 106
1665369437664 6.950418268592612 107
1665369474969 6.947379526582736 108
1665369510919 6.942357028402934 109
1665369547251 6.933492430245004 110
1665369602614 6.931170410063209 111
1665369668748 6.923249440076875 112
1665369735306 6.923832616573427 113
1665369802663 6.9179898773751605 114
1665369872103 6.9137111826640805 115
1665369939347 6.9090451519663745 116
1665370008142 6.906428755783454 117
1665370076314 6.903530297628263 118
1665370223253 6.898682259350288 119
