1665365550735 0.00035 0
1665365585003 3.5000000000000004e-05 1
1665365619161 7.000000000000001e-05 2
1665365654102 0.00010499999999999999 3
1665365688564 0.00014000000000000001 4
1665365722968 0.000175 5
1665365757428 0.00020999999999999998 6
1665365791998 0.000245 7
1665365827260 0.00028000000000000003 8
1665365864073 0.000315 9
1665365899450 0.00035 10
1665365934921 0.00035 11
1665365970014 0.00035 12
1665366005571 0.00035 13
1665366040356 0.00035 14
1665366075257 0.00035 15
1665366109951 0.00035 16
1665366144617 0.00035 17
1665366179379 0.00035 18
1665366214142 0.00035 19
1665366249554 0.00035 20
1665366284194 0.00035 21
1665366319376 0.00035 22
1665366355878 0.00035 23
1665366392426 0.00035 24
1665366426785 0.00035 25
1665366461623 0.00035 26
1665366496242 0.00035 27
1665366530801 0.00035 28
1665366565212 0.00035 29
1665366599622 0.00035 30
1665366634968 0.00035 31
1665366670177 0.00035 32
1665366704770 0.00035 33
1665366741634 0.00035 34
1665366780185 0.00035 35
1665366819116 0.00035 36
1665366857025 0.00035 37
1665366894648 0.00035 38
1665366931132 0.00035 39
1665366975533 3.5000000000000004e-05 40
1665367015007 3.5000000000000004e-05 41
1665367055753 3.5000000000000004e-05 42
1665367100299 3.5000000000000004e-05 43
1665367143479 3.5000000000000004e-05 44
1665367180965 3.5000000000000004e-05 45
1665367225234 3.5000000000000004e-05 46
1665367268918 3.5000000000000004e-05 47
1665367305014 3.5000000000000004e-05 48
1665367339587 3.5000000000000004e-05 49
1665367373967 3.5000000000000004e-05 50
1665367408256 3.5000000000000004e-05 51
1665367442342 3.5000000000000004e-05 52
1665367476391 3.5000000000000004e-05 53
1665367510559 3.5000000000000004e-05 54
1665367544703 3.5000000000000004e-05 55
1665367578748 3.5000000000000004e-05 56
1665367612759 3.5000000000000004e-05 57
1665367646629 3.5000000000000004e-05 58
1665367680850 3.5000000000000004e-05 59
1665367714905 3.5000000000000004e-05 60
1665367748920 3.5000000000000004e-05 61
1665367782741 3.5000000000000004e-05 62
1665367816862 3.5000000000000004e-05 63
1665367851175 3.5000000000000004e-05 64
1665367885465 3.5000000000000004e-05 65
1665367919780 3.5000000000000004e-05 66
1665367954070 3.5000000000000004e-05 67
1665367988183 3.5000000000000004e-05 68
1665368023583 3.5000000000000004e-05 69
1665368058986 3.5000000000000004e-06 70
1665368093978 3.5000000000000004e-06 71
1665368128681 3.5000000000000004e-06 72
1665368163486 3.5000000000000004e-06 73
1665368198036 3.5000000000000004e-06 74
1665368232554 3.5000000000000004e-06 75
1665368266871 3.5000000000000004e-06 76
1665368300993 3.5000000000000004e-06 77
1665368335046 3.5000000000000004e-06 78
1665368436902 3.5000000000000004e-06 79
1665368470844 3.5000000000000004e-06 80
1665368504973 3.5000000000000004e-06 81
1665368539193 3.5000000000000004e-06 82
1665368573554 3.5000000000000004e-06 83
1665368610564 3.5000000000000004e-06 84
1665368644901 3.5000000000000004e-06 85
1665368679127 3.5000000000000004e-06 86
1665368713205 3.5000000000000004e-06 87
1665368747500 3.5000000000000004e-06 88
1665368781600 3.5000000000000004e-06 89
1665368817910 3.5000000000000004e-06 90
1665368854015 3.5000000000000004e-06 91
1665368889480 3.5000000000000004e-06 92
1665368924962 3.5000000000000004e-06 93
1665368960629 3.5000000000000004e-06 94
1665368996528 3.5000000000000004e-06 95
1665369032328 3.5000000000000004e-06 96
1665369069225 3.5000000000000004e-06 97
1665369106150 3.5000000000000004e-06 98
1665369144715 3.5000000000000004e-06 99
1665369183877 3.5000000000000004e-06 100
1665369221348 3.5000000000000004e-06 101
1665369257543 3.5000000000000004e-06 102
1665369293502 3.5000000000000004e-06 103
1665369330415 3.5000000000000004e-06 104
1665369366230 3.5000000000000004e-06 105
1665369401544 3.5000000000000004e-06 106
1665369437664 3.5000000000000004e-06 107
1665369474969 3.5000000000000004e-06 108
1665369510919 3.5000000000000004e-06 109
1665369547251 3.5000000000000004e-06 110
1665369602614 3.5000000000000004e-06 111
1665369668748 3.5000000000000004e-06 112
1665369735306 3.5000000000000004e-06 113
1665369802663 3.5000000000000004e-06 114
1665369872103 3.5000000000000004e-06 115
1665369939347 3.5000000000000004e-06 116
1665370008142 3.5000000000000004e-06 117
1665370076314 3.5000000000000004e-06 118
1665370223253 3.5000000000000004e-06 119
