1665365550735 1.5770815830786251 0
1665365585003 0.5965423659213538 1
1665365619161 0.35772061009959477 2
1665365654102 0.2713398561426779 3
1665365688564 0.20978305014531787 4
1665365722968 0.17997586191063975 5
1665365757428 0.1418737073315353 6
1665365791998 0.14118794362719467 7
1665365827260 0.13458509090833548 8
1665365864073 0.1271944903382441 9
1665365899450 0.1145008327393997 10
1665365934921 0.10434344614424357 11
1665365970014 0.09901431720088986 12
1665366005571 0.08903334983965246 13
1665366040356 0.09052885730819005 14
1665366075257 0.08164912735301892 15
1665366109951 0.08282288284745158 16
1665366144617 0.07932756492277471 17
1665366179379 0.0781314272887823 18
1665366214142 0.08192360347545728 19
1665366249554 0.08217660433998922 20
1665366284194 0.09052455952254737 21
1665366319376 0.08292067945003509 22
1665366355878 0.0818222982490935 23
1665366392426 0.08866994437284587 24
1665366426785 0.08605365713195103 25
1665366461623 0.09370135315196607 26
1665366496242 0.08713430712379298 27
1665366530801 0.08286168644341027 28
1665366565212 0.08409624406840743 29
1665366599622 0.086852052816894 30
1665366634968 0.08562567022333785 31
1665366670177 0.09111946205176959 32
1665366704770 0.08335446629037217 33
1665366741634 0.08491324988625398 34
1665366780185 0.08436899997510956 35
1665366819116 0.0809532371033164 36
1665366857025 0.08331834884740195 37
1665366894648 0.08345621692251812 38
1665366931132 0.0935871440735532 39
1665366975533 0.06044228129634043 40
1665367015007 0.03794054411715124 41
1665367055753 0.033143365873222794 42
1665367100299 0.02725523986467501 43
1665367143479 0.026655379839514087 44
1665367180965 0.02478615089047064 45
1665367225234 0.019825256580952556 46
1665367268918 0.02247901701073094 47
1665367305014 0.018983048069994988 48
1665367339587 0.01736989787506229 49
1665367373967 0.017543383923447373 50
1665367408256 0.02003658133857314 51
1665367442342 0.015636346927594122 52
1665367476391 0.015705723179186264 53
1665367510559 0.017473878761435427 54
1665367544703 0.015200816785416953 55
1665367578748 0.01576301480484445 56
1665367612759 0.015245829251202225 57
1665367646629 0.01536580174020035 58
1665367680850 0.01613433350490906 59
1665367714905 0.012363613756350809 60
1665367748920 0.011785467066254248 61
1665367782741 0.012943413490931704 62
1665367816862 0.012232119956326375 63
1665367851175 0.01367102692794344 64
1665367885465 0.012753125616955092 65
1665367919780 0.012710052352507138 66
1665367954070 0.011017663903914175 67
1665367988183 0.010320592838589375 68
1665368023583 0.01144940491919065 69
1665368058986 0.012623011622941348 70
1665368093978 0.010978099953967566 71
1665368128681 0.010804303550827956 72
1665368163486 0.012653350903618535 73
1665368198036 0.009363402558558779 74
1665368232554 0.012128821387660952 75
1665368266871 0.011290796629483223 76
1665368300993 0.009484377007636173 77
1665368335046 0.008946648247826776 78
1665368436902 0.008446165773926711 79
1665368470844 0.009421811100640675 80
1665368504973 0.00937209040233184 81
1665368539193 0.008124657283273025 82
1665368573554 0.007280355695033128 83
1665368610564 0.008514051320508304 84
1665368644901 0.007395112862038177 85
1665368679127 0.00898699686113818 86
1665368713205 0.007582364987220168 87
1665368747500 0.006777935693886631 88
1665368781600 0.009006446486384403 89
1665368817910 0.009771381961905806 90
1665368854015 0.009024957974907011 91
1665368889480 0.007067032976405377 92
1665368924962 0.008026696841243837 93
1665368960629 0.008867546555972317 94
1665368996528 0.0069391144245079285 95
1665369032328 0.007472659931099947 96
1665369069225 0.009921429742515331 97
1665369106150 0.007012376868057526 98
1665369144715 0.008236211274741488 99
1665369183877 0.009635642840098959 100
1665369221348 0.006496166555415385 101
1665369257543 0.00712400526192618 102
1665369293502 0.006341377607115158 103
1665369330415 0.007164937321937121 104
1665369366230 0.007402370144429333 105
1665369401544 0.00812583050277431 106
1665369437664 0.008180891582120698 107
1665369474969 0.006337714156597057 108
1665369510919 0.007174227032356146 109
1665369547251 0.006304893393932683 110
1665369602614 0.006606762257061059 111
1665369668748 0.008765375930475208 112
1665369735306 0.006235818002442545 113
1665369802663 0.006529582910546352 114
1665369872103 0.0076545398835683376 115
1665369939347 0.005910311784384426 116
1665370008142 0.0078182821775355 117
1665370076314 0.007112807608525434 118
1665370223253 0.007404723096491269 119
