1665365550735 6.39317329878946 0
1665365585003 5.3284949839693825 1
1665365619161 3.984358075769936 2
1665365654102 2.953586196899414 3
1665365688564 2.271018114904078 4
1665365722968 1.9136126942750884 5
1665365757428 1.7299172639846803 6
1665365791998 1.6324154522360825 7
1665365827260 1.586058510222086 8
1665365864073 1.5584703805969982 9
1665365899450 1.507502115063551 10
1665365934921 1.4477597521572578 11
1665365970014 1.4265377434712012 12
1665366005571 1.391808030663467 13
1665366040356 1.3847701142473918 14
1665366075257 1.3642376481908038 15
1665366109951 1.36242218075729 16
1665366144617 1.3535898592413926 17
1665366179379 1.3466855025872952 18
1665366214142 1.3442711719652503 19
1665366249554 1.346345307768845 20
1665366284194 1.354361936522693 21
1665366319376 1.3350320304312358 22
1665366355878 1.3317552897988296 23
1665366392426 1.331402880389516 24
1665366426785 1.3219957851782078 25
1665366461623 1.3311160843349197 26
1665366496242 1.3177993054528838 27
1665366530801 1.3159061926167186 28
1665366565212 1.3046252175075252 29
1665366599622 1.3070377884841546 30
1665366634968 1.3003333777916142 31
1665366670177 1.3088892913446193 32
1665366704770 1.2886207150249946 33
1665366741634 1.2933569634832986 34
1665366780185 1.2851822081121427 35
1665366819116 1.2833279307606151 36
1665366857025 1.278577221250071 37
1665366894648 1.2809554975009658 38
1665366931132 1.280720574681352 39
1665366975533 1.2283650049349157 40
1665367015007 1.164158552448924 41
1665367055753 1.1476505346668577 42
1665367100299 1.1391416101920895 43
1665367143479 1.132656919665453 44
1665367180965 1.1252047271263308 45
1665367225234 1.1190403763840837 46
1665367268918 1.1178499460220337 47
1665367305014 1.1148373028127159 48
1665367339587 1.1122358875367249 49
1665367373967 1.1086601661246958 50
1665367408256 1.1079664473394746 51
1665367442342 1.1045997084640875 52
1665367476391 1.1034514694679074 53
1665367510559 1.103168214821234 54
1665367544703 1.1001537805650292 55
1665367578748 1.098698983541349 56
1665367612759 1.0990179800519757 57
1665367646629 1.100113837742338 58
1665367680850 1.0985173289368793 59
1665367714905 1.0924837536928131 60
1665367748920 1.0935638488507737 61
1665367782741 1.0948421318157047 62
1665367816862 1.0913773525051955 63
1665367851175 1.092603731502607 64
1665367885465 1.090819031868166 65
1665367919780 1.089580354759994 66
1665367954070 1.0903329091164673 67
1665367988183 1.0857819464148544 68
1665368023583 1.0863557972559115 69
1665368058986 1.083666476389257 70
1665368093978 1.0783090018758588 71
1665368128681 1.077955191041909 72
1665368163486 1.0772041611555145 73
1665368198036 1.074756643830276 74
1665368232554 1.0771043890888252 75
1665368266871 1.077398301906956 76
1665368300993 1.0739958902684654 77
1665368335046 1.0741206169128419 78
1665368436902 1.0742768485371659 79
1665368470844 1.0725195169448853 80
1665368504973 1.0716065488210538 81
1665368539193 1.0718235923022759 82
1665368573554 1.070183487636287 83
1665368610564 1.0692601395816337 84
1665368644901 1.0701042448602072 85
1665368679127 1.0716321690409791 86
1665368713205 1.0703599102356856 87
1665368747500 1.0715303426835594 88
1665368781600 1.0702327582894302 89
1665368817910 1.0709430491052023 90
1665368854015 1.0699596061939147 91
1665368889480 1.0687034810461649 92
1665368924962 1.0702542979542802 93
1665368960629 1.0701474968979998 94
1665368996528 1.069208972047015 95
1665369032328 1.0690292496125675 96
1665369069225 1.0689690917440988 97
1665369106150 1.0682542607622239 98
1665369144715 1.068756161962898 99
1665369183877 1.0684909192527212 100
1665369221348 1.0669568503775249 101
1665369257543 1.0664363613406431 102
1665369293502 1.0664679934338825 103
1665369330415 1.0684457534696998 104
1665369366230 1.0676523511316263 105
1665369401544 1.0688858774362826 106
1665369437664 1.0652432441711426 107
1665369474969 1.06531223162864 108
1665369510919 1.0663945296915567 109
1665369547251 1.0662972171132157 110
1665369602614 1.0661981728018783 111
1665369668748 1.0672073637566915 112
1665369735306 1.0656970279972728 113
1665369802663 1.0653104898406238 114
1665369872103 1.0672098578476323 115
1665369939347 1.0657578619515025 116
1665370008142 1.067275912005727 117
1665370076314 1.0656904110094396 118
1665370223253 1.0660303499640489 119
