1665365550735 0.9616974508299411 0
1665365585003 0.4360681865183474 1
1665365619161 0.25052030753435156 2
1665365654102 0.15711748984801333 3
1665365688564 0.10453720727208547 4
1665365722968 0.07312733374263455 5
1665365757428 0.053381708661866624 6
1665365791998 0.040104268270930866 7
1665365827260 0.03079560940812637 8
1665365864073 0.024888669236040696 9
1665365899450 0.020171442144073366 10
1665365934921 0.016507862796779814 11
1665365970014 0.013982534792852922 12
1665366005571 0.012110081065173556 13
1665366040356 0.010643738546840302 14
1665366075257 0.00936528775180934 15
1665366109951 0.008433891278578014 16
1665366144617 0.007693399295846864 17
1665366179379 0.007050372906619819 18
1665366214142 0.0065189907724810085 19
1665366249554 0.006153194389374154 20
1665366284194 0.005710009875048588 21
1665366319376 0.005347810204072697 22
1665366355878 0.005006262781552789 23
1665366392426 0.004744033012311997 24
1665366426785 0.004422433583474741 25
1665366461623 0.004232752891890343 26
1665366496242 0.003995808976187 27
1665366530801 0.003834480419754982 28
1665366565212 0.0036819567915233895 29
1665366599622 0.003510086871002142 30
1665366634968 0.003354154554445569 31
1665366670177 0.0032834112780486665 32
1665366704770 0.003112834425097922 33
1665366741634 0.0029723842173996493 34
1665366780185 0.0029128465600293672 35
1665366819116 0.0027848363105768283 36
1665366857025 0.0027195770435885173 37
1665366894648 0.002615464865953381 38
1665366931132 0.0025630522485277276 39
1665366975533 0.0022542145693810974 40
1665367015007 0.0019765209230571622 41
1665367055753 0.0018718621153294027 42
1665367100299 0.001819099457480195 43
1665367143479 0.0017862652451163385 44
1665367180965 0.0017467867316133003 45
1665367225234 0.0017032195689020361 46
1665367268918 0.001711199313924625 47
1665367305014 0.0016803764902827579 48
1665367339587 0.0016688526290450788 49
1665367373967 0.0016505800970848107 50
1665367408256 0.0016407515408326555 51
1665367442342 0.0016194171703806737 52
1665367476391 0.0016039895467323865 53
1665367510559 0.001592392687367775 54
1665367544703 0.001596190221607685 55
1665367578748 0.0015802984756258566 56
1665367612759 0.0015646838189294452 57
1665367646629 0.0015627800757476292 58
1665367680850 0.0015538859027778593 59
1665367714905 0.001539547861235716 60
1665367748920 0.0015171992840181453 61
1665367782741 0.0015196206981736217 62
1665367816862 0.0014922800093389503 63
1665367851175 0.0014903060487218346 64
1665367885465 0.0014809611591383887 65
1665367919780 0.001472990818036883 66
1665367954070 0.001463462945607319 67
1665367988183 0.0014289896992012495 68
1665368023583 0.0014275375776356314 69
1665368058986 0.0013978057836250561 70
1665368093978 0.0013582571529481998 71
1665368128681 0.0013547140640416638 72
1665368163486 0.00134457589081693 73
1665368198036 0.0013362441564024222 74
1665368232554 0.001343700487745329 75
1665368266871 0.0013503815082480533 76
1665368300993 0.001328010469811355 77
1665368335046 0.001331191060201424 78
1665368436902 0.0013216956586736004 79
1665368470844 0.0013245933268946119 80
1665368504973 0.0013242381993999206 81
1665368539193 0.0013254474649750968 82
1665368573554 0.0013147899642495847 83
1665368610564 0.0013005351341079648 84
1665368644901 0.0013107317431670863 85
1665368679127 0.001316076501811325 86
1665368713205 0.0013190795069414319 87
1665368747500 0.0013056541730581625 88
1665368781600 0.0013065661275305036 89
1665368817910 0.001320375585019952 90
1665368854015 0.0013053119199623057 91
1665368889480 0.0012910067688719166 92
1665368924962 0.0012998401755239905 93
1665368960629 0.0013015188702677446 94
1665368996528 0.0012855616687774294 95
1665369032328 0.0012976812996711691 96
1665369069225 0.0012976437150410294 97
1665369106150 0.0012871334063639702 98
1665369144715 0.0012897983130103754 99
1665369183877 0.0012937318811919994 100
1665369221348 0.0012792349185385718 101
1665369257543 0.0012779796323106054 102
1665369293502 0.001271618308681177 103
1665369330415 0.0012821432174660446 104
1665369366230 0.0012859635485345316 105
1665369401544 0.0012804144438739646 106
1665369437664 0.0012764250729639915 107
1665369474969 0.0012754730900604893 108
1665369510919 0.0012754364115208751 109
1665369547251 0.001276500343640403 110
1665369602614 0.0012608397189845762 111
1665369668748 0.0012697432218573806 112
1665369735306 0.0012574700468287962 113
1665369802663 0.0012542867476529464 114
1665369872103 0.0012685269531907469 115
1665369939347 0.0012582007488917287 116
1665370008142 0.0012545781494004698 117
1665370076314 0.0012610842485162542 118
1665370223253 0.001252825448584811 119
